00.00 0
00.01 0
00.02 0
00.03 0
00.04 3
00.05 1
00.06 1
00.07 7
00.08 7
00.09 8
00.10 9
00.11 8
00.12 12
00.13 15
00.14 17
00.15 22
00.16 21
00.17 16
00.18 25
00.19 32
00.20 33
00.21 26
00.22 40
00.23 36
00.24 41
00.25 54
00.26 46
00.27 76
00.28 51
00.29 72
00.30 77
00.31 60
00.32 78
00.33 72
00.34 97
00.35 100
00.36 100
00.37 113
00.38 114
00.39 127
00.40 120
00.41 131
00.42 131
00.43 131
00.44 139
00.45 134
00.46 161
00.47 149
00.48 204
00.49 198
00.50 181
00.51 186
00.52 229
00.53 231
00.54 227
00.55 233
00.56 232
00.57 224
00.58 251
00.59 272
00.60 270
00.61 285
00.62 284
00.63 285
00.64 306
00.65 319
00.66 306
00.67 316
00.68 314
00.69 388
00.70 358
00.71 355
00.72 418
00.73 416
00.74 419
00.75 434
00.76 405
00.77 450
00.78 430
00.79 484
00.80 438
00.81 467
00.82 471
00.83 550
00.84 526
00.85 572
00.86 538
00.87 545
00.88 570
00.89 576
00.90 602
00.91 632
00.92 621
00.93 643
00.94 659
00.95 667
00.96 698
00.97 671
00.98 735
00.99 702
01.00 764
01.01 696
01.02 774
01.03 776
01.04 764
01.05 767
01.06 806
01.07 857
01.08 847
01.09 876
01.10 862
01.11 889
01.12 908
01.13 958
01.14 932
01.15 967
01.16 1025
01.17 1020
01.18 1009
01.19 1002
01.20 1012
01.21 1069
01.22 1070
01.23 1079
01.24 1104
01.25 1162
01.26 1149
01.27 1145
01.28 1154
01.29 1143
01.30 1244
01.31 1177
01.32 1235
01.33 1270
01.34 1216
01.35 1239
01.36 1263
01.37 1307
01.38 1385
01.39 1317
01.40 1369
01.41 1423
01.42 1453
01.43 1426
01.44 1479
01.45 1596
01.46 1481
01.47 1588
01.48 1602
01.49 1561
01.50 1662
01.51 1562
01.52 1631
01.53 1626
01.54 1639
01.55 1714
01.56 1716
01.57 1676
01.58 1776
01.59 1783
01.60 1812
01.61 1779
01.62 1868
01.63 1875
01.64 1922
01.65 1888
01.66 1993
01.67 1877
01.68 1997
01.69 1977
01.70 1996
01.71 2096
01.72 2105
01.73 2022
01.74 2131
01.75 2096
01.76 2113
01.77 2126
01.78 2170
01.79 2280
01.80 2272
01.81 2287
01.82 2213
01.83 2381
01.84 2329
01.85 2346
01.86 2391
01.87 2441
01.88 2463
01.89 2487
01.90 2522
01.91 2426
01.92 2530
01.93 2487
01.94 2515
01.95 2530
01.96 2642
01.97 2619
01.98 2719
01.99 2665
02.00 2680
02.01 2714
02.02 2657
02.03 2840
02.04 2941
02.05 2839
02.06 2867
02.07 2878
02.08 2902
02.09 2983
02.10 3001
02.11 3054
02.12 3062
02.13 3067
02.14 3046
02.15 3101
02.16 3167
02.17 3097
02.18 3093
02.19 3215
02.20 3245
02.21 3328
02.22 3344
02.23 3240
02.24 3353
02.25 3298
02.26 3527
02.27 3564
02.28 3535
02.29 3430
02.30 3544
02.31 3535
02.32 3562
02.33 3533
02.34 3576
02.35 3642
02.36 3565
02.37 3656
02.38 3772
02.39 3806
02.40 3718
02.41 3762
02.42 3749
02.43 3816
02.44 3862
02.45 3927
02.46 4071
02.47 3946
02.48 3950
02.49 4134
02.50 4118
02.51 4064
02.52 4236
02.53 4125
02.54 4193
02.55 4290
02.56 4281
02.57 4359
02.58 4317
02.59 4368
02.60 4303
02.61 4448
02.62 4457
02.63 4494
02.64 4341
02.65 4479
02.66 4634
02.67 4584
02.68 4611
02.69 4669
02.70 4475
02.71 4793
02.72 4758
02.73 4752
02.74 4876
02.75 4749
02.76 4994
02.77 4899
02.78 5052
02.79 4828
02.80 4977
02.81 5048
02.82 5008
02.83 5056
02.84 5059
02.85 5112
02.86 5077
02.87 5248
02.88 5124
02.89 5336
02.90 5378
02.91 5311
02.92 5416
02.93 5447
02.94 5437
02.95 5448
02.96 5439
02.97 5555
02.98 5553
02.99 5327
03.00 5559
03.01 5627
03.02 5767
03.03 5662
03.04 5726
03.05 5782
03.06 5624
03.07 5789
03.08 5819
03.09 5921
03.10 5893
03.11 6046
03.12 5940
03.13 5993
03.14 6155
03.15 6173
03.16 6218
03.17 6159
03.18 6216
03.19 6368
03.20 6276
03.21 6305
03.22 6439
03.23 6256
03.24 6501
03.25 6527
03.26 6702
03.27 6509
03.28 6588
03.29 6655
03.30 6788
03.31 6712
03.32 6750
03.33 6815
03.34 6737
03.35 6835
03.36 6960
03.37 6906
03.38 6975
03.39 6952
03.40 6951
03.41 7056
03.42 6971
03.43 6935
03.44 7259
03.45 7089
03.46 7288
03.47 7163
03.48 7227
03.49 7274
03.50 7367
03.51 7523
03.52 7403
03.53 7466
03.54 7456
03.55 7324
03.56 7519
03.57 7584
03.58 7726
03.59 7869
03.60 7641
03.61 7868
03.62 7850
03.63 7728
03.64 7962
03.65 8000
03.66 7843
03.67 7935
03.68 8191
03.69 8007
03.70 8072
03.71 8149
03.72 8158
03.73 8099
03.74 8225
03.75 8255
03.76 8186
03.77 8328
03.78 8332
03.79 8515
03.80 8387
03.81 8498
03.82 8379
03.83 8729
03.84 8722
03.85 8673
03.86 8632
03.87 8695
03.88 8643
03.89 8822
03.90 8780
03.91 9150
03.92 8823
03.93 8706
03.94 8877
03.95 9008
03.96 8889
03.97 8990
03.98 8941
03.99 8887
04.00 9335
04.01 9399
04.02 9256
04.03 9268
04.04 9349
04.05 9347
04.06 9388
04.07 9393
04.08 9480
04.09 9383
04.10 9309
04.11 9484
04.12 9839
04.13 9732
04.14 9733
04.15 9725
04.16 10002
04.17 9701
04.18 9813
04.19 9958
04.20 10117
04.21 10083
04.22 9971
04.23 10070
04.24 10004
04.25 10185
04.26 10159
04.27 10171
04.28 10318
04.29 10301
04.30 10506
04.31 10297
04.32 10392
04.33 10403
04.34 10639
04.35 10619
04.36 10642
04.37 10467
04.38 10499
04.39 10719
04.40 10925
04.41 10948
04.42 10808
04.43 10981
04.44 10734
04.45 10829
04.46 11242
04.47 11013
04.48 11042
04.49 11094
04.50 11013
04.51 11299
04.52 11240
04.53 11207
04.54 11293
04.55 11232
04.56 11434
04.57 11441
04.58 11598
04.59 11555
04.60 11589
04.61 11701
04.62 11540
04.63 11590
04.64 11748
04.65 11633
04.66 11886
04.67 11891
04.68 11735
04.69 11895
04.70 11972
04.71 12001
04.72 11882
04.73 11898
04.74 12226
04.75 11942
04.76 12365
04.77 12330
04.78 12389
04.79 12359
04.80 12064
04.81 12316
04.82 12444
04.83 12355
04.84 12380
04.85 12596
04.86 12481
04.87 12696
04.88 12740
04.89 12532
04.90 12843
04.91 12784
04.92 12731
04.93 12834
04.94 13032
04.95 12883
04.96 12931
04.97 13050
04.98 13092
04.99 12997
05.00 12908
05.01 13152
05.02 13119
05.03 13246
05.04 13188
05.05 13329
05.06 13459
05.07 13699
05.08 13423
05.09 13510
05.10 13572
05.11 13414
05.12 13424
05.13 13786
05.14 13806
05.15 13558
05.16 13502
05.17 13765
05.18 13744
05.19 14241
05.20 14150
05.21 14121
05.22 13876
05.23 13765
05.24 14204
05.25 14195
05.26 14355
05.27 14171
05.28 14315
05.29 14246
05.30 14047
05.31 14392
05.32 14511
05.33 14577
05.34 14591
05.35 14459
05.36 14531
05.37 14720
05.38 14610
05.39 14577
05.40 14703
05.41 14868
05.42 14787
05.43 14924
05.44 14833
05.45 14922
05.46 14992
05.47 15047
05.48 15106
05.49 15140
05.50 15643
05.51 15143
05.52 15257
05.53 15265
05.54 15374
05.55 15527
05.56 15282
05.57 15479
05.58 15049
05.59 15592
05.60 15548
05.61 15675
05.62 15615
05.63 15692
05.64 15497
05.65 16000
05.66 15849
05.67 15886
05.68 15774
05.69 15937
05.70 15966
05.71 16243
05.72 16084
05.73 16362
05.74 15996
05.75 16112
05.76 16528
05.77 16409
05.78 16383
05.79 16453
05.80 16435
05.81 16351
05.82 16710
05.83 16618
05.84 16214
05.85 16891
05.86 16609
05.87 16785
05.88 16923
05.89 16780
05.90 16806
05.91 16883
05.92 16841
05.93 16930
05.94 17151
05.95 17006
05.96 17157
05.97 17038
05.98 17008
05.99 17197
06.00 17136
06.01 17680
06.02 17531
06.03 17346
06.04 17499
06.05 17448
06.06 17518
06.07 17476
06.08 17719
06.09 17560
06.10 17477
06.11 17635
06.12 17533
06.13 17740
06.14 17815
06.15 17800
06.16 18009
06.17 18065
06.18 17893
06.19 18256
06.20 17968
06.21 18076
06.22 18312
06.23 18225
06.24 17987
06.25 18347
06.26 18294
06.27 18155
06.28 18506
06.29 18319
06.30 18587
06.31 18501
06.32 18769
06.33 18699
06.34 18730
06.35 18635
06.36 18752
06.37 18928
06.38 18617
06.39 18978
06.40 18837
06.41 18852
06.42 19020
06.43 18972
06.44 18913
06.45 18953
06.46 19159
06.47 19106
06.48 18860
06.49 18918
06.50 19223
06.51 19185
06.52 19352
06.53 19263
06.54 19434
06.55 19339
06.56 19636
06.57 19392
06.58 19791
06.59 19842
06.60 19444
06.61 19802
06.62 19834
06.63 19706
06.64 19640
06.65 19965
06.66 19912
06.67 19958
06.68 19954
06.69 19991
06.70 20147
06.71 20279
06.72 20117
06.73 20476
06.74 20376
06.75 20149
06.76 20365
06.77 20182
06.78 20533
06.79 20552
06.80 20439
06.81 20530
06.82 20410
06.83 20476
06.84 20495
06.85 20673
06.86 20721
06.87 20740
06.88 20844
06.89 20875
06.90 20886
06.91 20773
06.92 20863
06.93 20725
06.94 21378
06.95 20936
06.96 21108
06.97 21196
06.98 21182
06.99 21233
07.00 21154
07.01 21390
07.02 21251
07.03 21431
07.04 21345
07.05 21439
07.06 21631
07.07 21295
07.08 21450
07.09 21654
07.10 21615
07.11 21880
07.12 21819
07.13 22026
07.14 22142
07.15 22194
07.16 21865
07.17 21791
07.18 22136
07.19 22103
07.20 22129
07.21 21935
07.22 22355
07.23 22234
07.24 22143
07.25 22350
07.26 22288
07.27 22355
07.28 22350
07.29 22204
07.30 22586
07.31 22272
07.32 22491
07.33 22693
07.34 22461
07.35 22684
07.36 22651
07.37 22747
07.38 22708
07.39 22767
07.40 22716
07.41 23076
07.42 22962
07.43 22897
07.44 22963
07.45 23004
07.46 22956
07.47 23296
07.48 23086
07.49 23160
07.50 23534
07.51 23610
07.52 23637
07.53 23491
07.54 23688
07.55 23399
07.56 23656
07.57 23396
07.58 23331
07.59 23430
07.60 23791
07.61 23653
07.62 23754
07.63 23696
07.64 23956
07.65 23999
07.66 24063
07.67 23933
07.68 24245
07.69 23991
07.70 23982
07.71 24152
07.72 24217
07.73 24336
07.74 24206
07.75 24050
07.76 24405
07.77 24068
07.78 24397
07.79 24404
07.80 24409
07.81 24549
07.82 24572
07.83 24463
07.84 24613
07.85 24667
07.86 24344
07.87 24610
07.88 24889
07.89 24530
07.90 24623
07.91 24675
07.92 24718
07.93 24826
07.94 24643
07.95 24960
07.96 24884
07.97 24954
07.98 25022
07.99 25398
08.00 24872
08.01 25272
08.02 25199
08.03 25134
08.04 25217
08.05 25369
08.06 25031
08.07 25597
08.08 25414
08.09 25570
08.10 25384
08.11 25443
08.12 25496
08.13 25338
08.14 25536
08.15 25629
08.16 25693
08.17 25599
08.18 25650
08.19 26200
08.20 25904
08.21 25783
08.22 26240
08.23 25617
08.24 25772
08.25 26133
08.26 25964
08.27 26103
08.28 25925
08.29 25893
08.30 26131
08.31 26021
08.32 26204
08.33 26361
08.34 26192
08.35 26385
08.36 26455
08.37 26378
08.38 26397
08.39 26113
08.40 26395
08.41 26452
08.42 26674
08.43 26926
08.44 26909
08.45 26580
08.46 27025
08.47 26562
08.48 26770
08.49 26771
08.50 26743
08.51 27089
08.52 26955
08.53 26917
08.54 26868
08.55 27234
08.56 26979
08.57 26952
08.58 26982
08.59 26885
08.60 26981
08.61 27400
08.62 27351
08.63 27252
08.64 27241
08.65 27103
08.66 27595
08.67 27405
08.68 27445
08.69 27533
08.70 27214
08.71 27328
08.72 27911
08.73 27849
08.74 27887
08.75 27694
08.76 27846
08.77 27760
08.78 27949
08.79 27499
08.80 27962
08.81 27733
08.82 28177
08.83 27914
08.84 27919
08.85 28067
08.86 28326
08.87 28131
08.88 28316
08.89 28035
08.90 28140
08.91 28457
08.92 28012
08.93 28414
08.94 28418
08.95 28168
08.96 28306
08.97 28310
08.98 28257
08.99 28397
09.00 28614
09.01 28542
09.02 28669
09.03 28511
09.04 28826
09.05 28756
09.06 28600
09.07 29011
09.08 28882
09.09 28719
09.10 28915
09.11 28935
09.12 28769
09.13 28705
09.14 29111
09.15 28733
09.16 28876
09.17 29112
09.18 29213
09.19 29094
09.20 29194
09.21 28988
09.22 28994
09.23 29073
09.24 29333
09.25 29339
09.26 29463
09.27 29571
09.28 28888
09.29 29889
09.30 29557
09.31 29454
09.32 29693
09.33 29660
09.34 29749
09.35 29433
09.36 29765
09.37 29756
09.38 29926
09.39 29695
09.40 29866
09.41 29476
09.42 30054
09.43 29781
09.44 29667
09.45 29725
09.46 29953
09.47 30325
09.48 30077
09.49 29952
09.50 29951
09.51 30079
09.52 30011
09.53 29928
09.54 29972
09.55 30130
09.56 30584
09.57 30122
09.58 30029
09.59 30236
09.60 30142
09.61 30578
09.62 29990
09.63 30657
09.64 30622
09.65 30237
09.66 30311
09.67 30321
09.68 30421
09.69 30391
09.70 30460
09.71 30949
09.72 30604
09.73 30777
09.74 30490
09.75 31178
09.76 30653
09.77 30616
09.78 31312
09.79 30852
09.80 30652
09.81 30725
09.82 31182
09.83 31163
09.84 30842
09.85 31016
09.86 30898
09.87 30909
09.88 30941
09.89 30891
09.90 31298
09.91 31298
09.92 31421
09.93 31384
09.94 31221
09.95 31734
09.96 31414
09.97 31499
09.98 31421
09.99 31285
10.00 31426
10.01 31639
10.02 31580
10.03 31513
10.04 31721
10.05 31142
10.06 31682
10.07 31380
10.08 31898
10.09 31580
10.10 31448
10.11 31650
10.12 31864
10.13 31638
10.14 31796
10.15 31810
10.16 31410
10.17 31776
10.18 31762
10.19 32163
10.20 32035
10.21 31791
10.22 32409
10.23 32004
10.24 31931
10.25 31887
10.26 31958
10.27 31870
10.28 32314
10.29 31961
10.30 32180
10.31 32375
10.32 32096
10.33 32004
10.34 32195
10.35 32313
10.36 32488
10.37 32402
10.38 32641
10.39 32514
10.40 32443
10.41 32421
10.42 32491
10.43 32692
10.44 32443
10.45 32570
10.46 32552
10.47 32535
10.48 32804
10.49 32844
10.50 32693
10.51 32850
10.52 32744
10.53 32834
10.54 32502
10.55 32915
10.56 32826
10.57 32935
10.58 32767
10.59 32805
10.60 32908
10.61 32949
10.62 32993
10.63 33146
10.64 33171
10.65 33139
10.66 32849
10.67 33007
10.68 33046
10.69 33150
10.70 33219
10.71 33039
10.72 33177
10.73 33261
10.74 33342
10.75 33368
10.76 33159
10.77 33337
10.78 33238
10.79 33217
10.80 33452
10.81 33129
10.82 33206
10.83 33741
10.84 32904
10.85 33425
10.86 33577
10.87 33221
10.88 33906
10.89 33443
10.90 33435
10.91 33665
10.92 33806
10.93 33584
10.94 33466
10.95 33546
10.96 34008
10.97 33791
10.98 33476
10.99 33810
11.00 33586
11.01 33508
11.02 33985
11.03 33888
11.04 33687
11.05 33760
11.06 33967
11.07 34088
11.08 33647
11.09 33898
11.10 34019
11.11 33955
11.12 33988
11.13 33876
11.14 33780
11.15 34010
11.16 34060
11.17 34228
11.18 34190
11.19 33848
11.20 34184
11.21 34045
11.22 34114
11.23 34139
11.24 34473
11.25 34473
11.26 34122
11.27 34373
11.28 34705
11.29 34132
11.30 34429
11.31 34100
11.32 34596
11.33 34326
11.34 34125
11.35 34369
11.36 34710
11.37 34462
11.38 34398
11.39 34694
11.40 34456
11.41 34525
11.42 34302
11.43 34360
11.44 34641
11.45 34601
11.46 34491
11.47 34432
11.48 34779
11.49 34679
11.50 34442
11.51 34632
11.52 34843
11.53 34807
11.54 34713
11.55 34795
11.56 34574
11.57 34630
11.58 34502
11.59 34692
11.60 34656
11.61 34870
11.62 34841
11.63 34667
11.64 34725
11.65 35255
11.66 34761
11.67 34984
11.68 34797
11.69 34707
11.70 35164
11.71 34773
11.72 35004
11.73 35270
11.74 35015
11.75 35361
11.76 34927
11.77 35149
11.78 35451
11.79 35331
11.80 35107
11.81 34742
11.82 35055
11.83 35327
11.84 34838
11.85 35066
11.86 35215
11.87 35007
11.88 35279
11.89 35261
11.90 35127
11.91 35156
11.92 35495
11.93 35662
11.94 34985
11.95 35161
11.96 35448
11.97 35080
11.98 35426
11.99 35225
12.00 35016
12.01 35458
12.02 35063
12.03 35347
12.04 35279
12.05 35363
12.06 35686
12.07 35294
12.08 35557
12.09 35445
12.10 35612
12.11 35503
12.12 35629
12.13 35771
12.14 35544
12.15 35445
12.16 35342
12.17 35655
12.18 35643
12.19 35692
12.20 35944
12.21 35683
12.22 35591
12.23 35601
12.24 35427
12.25 35816
12.26 35662
12.27 35321
12.28 35847
12.29 35616
12.30 35120
12.31 35833
12.32 35483
12.33 35573
12.34 35512
12.35 36044
12.36 35976
12.37 35573
12.38 35849
12.39 35532
12.40 35612
12.41 36071
12.42 35469
12.43 35832
12.44 35691
12.45 35822
12.46 35605
12.47 35777
12.48 35823
12.49 36063
12.50 35480
12.51 36116
12.52 35938
12.53 36085
12.54 36095
12.55 35595
12.56 35915
12.57 36273
12.58 36182
12.59 36069
12.60 35739
12.61 36062
12.62 35873
12.63 36086
12.64 36169
12.65 35728
12.66 35995
12.67 35914
12.68 36090
12.69 36254
12.70 36184
12.71 36190
12.72 36027
12.73 36512
12.74 36195
12.75 36205
12.76 36252
12.77 36360
12.78 36059
12.79 36013
12.80 36071
12.81 35823
12.82 36403
12.83 36199
12.84 36096
12.85 36402
12.86 36301
12.87 36064
12.88 36167
12.89 36317
12.90 36099
12.91 36312
12.92 36348
12.93 35885
12.94 36255
12.95 36374
12.96 36194
12.97 35934
12.98 35942
12.99 36075
13.00 36243
13.01 36103
13.02 36440
13.03 36421
13.04 36376
13.05 35845
13.06 36378
13.07 35929
13.08 36075
13.09 36368
13.10 36377
13.11 36289
13.12 36146
13.13 36554
13.14 36217
13.15 36387
13.16 36187
13.17 36711
13.18 36410
13.19 36402
13.20 36115
13.21 36260
13.22 36251
13.23 36336
13.24 36357
13.25 36378
13.26 35989
13.27 36435
13.28 36296
13.29 36483
13.30 36216
13.31 36477
13.32 36148
13.33 36484
13.34 36223
13.35 36342
13.36 36087
13.37 36049
13.38 36499
13.39 36261
13.40 36216
13.41 36521
13.42 36550
13.43 36634
13.44 36383
13.45 36242
13.46 36362
13.47 36497
13.48 36387
13.49 36676
13.50 36321
13.51 36388
13.52 36242
13.53 36058
13.54 36343
13.55 36468
13.56 36378
13.57 36228
13.58 36617
13.59 36190
13.60 36586
13.61 36370
13.62 36756
13.63 36861
13.64 36253
13.65 36316
13.66 36400
13.67 36337
13.68 36573
13.69 36308
13.70 36317
13.71 36182
13.72 36085
13.73 36476
13.74 36211
13.75 36505
13.76 36358
13.77 36260
13.78 36566
13.79 36347
13.80 36144
13.81 36472
13.82 36434
13.83 36744
13.84 36158
13.85 36172
13.86 36269
13.87 36353
13.88 36407
13.89 36315
13.90 36167
13.91 36381
13.92 36224
13.93 36134
13.94 36185
13.95 36333
13.96 36322
13.97 36343
13.98 36298
13.99 36350
14.00 36319
14.01 36251
14.02 36423
14.03 36384
14.04 36370
14.05 36059
14.06 36225
14.07 36421
14.08 36340
14.09 36048
14.10 36050
14.11 36123
14.12 36406
14.13 36644
14.14 36258
14.15 36161
14.16 36302
14.17 35991
14.18 36065
14.19 36258
14.20 35968
14.21 36026
14.22 35994
14.23 36066
14.24 35846
14.25 36249
14.26 36564
14.27 36291
14.28 36260
14.29 35678
14.30 36005
14.31 35885
14.32 36155
14.33 36123
14.34 35980
14.35 36160
14.36 35869
14.37 35976
14.38 36249
14.39 35972
14.40 36032
14.41 36151
14.42 35885
14.43 35654
14.44 35733
14.45 36220
14.46 35883
14.47 35948
14.48 36429
14.49 36006
14.50 36013
14.51 35742
14.52 36241
14.53 36204
14.54 35931
14.55 35819
14.56 36165
14.57 36183
14.58 35632
14.59 35935
14.60 35931
14.61 35806
14.62 35961
14.63 35659
14.64 35731
14.65 36063
14.66 35794
14.67 35729
14.68 35825
14.69 35526
14.70 35701
14.71 35669
14.72 36291
14.73 35338
14.74 35554
14.75 35425
14.76 35455
14.77 35802
14.78 35821
14.79 35660
14.80 35786
14.81 35647
14.82 35635
14.83 35882
14.84 35707
14.85 35202
14.86 35243
14.87 35527
14.88 35312
14.89 35788
14.90 35593
14.91 35559
14.92 35524
14.93 35612
14.94 35297
14.95 35020
14.96 35263
14.97 35262
14.98 35389
14.99 35453
15.00 35381
15.01 35555
15.02 35435
15.03 35334
15.04 35342
15.05 35130
15.06 35350
15.07 35156
15.08 35577
15.09 35324
15.10 35289
15.11 35225
15.12 35308
15.13 34765
15.14 35363
15.15 35097
15.16 35496
15.17 35201
15.18 35399
15.19 35309
15.20 34994
15.21 34857
15.22 34898
15.23 35344
15.24 35128
15.25 34748
15.26 34986
15.27 34767
15.28 35017
15.29 35033
15.30 34671
15.31 34968
15.32 34734
15.33 34973
15.34 34858
15.35 35046
15.36 35035
15.37 34675
15.38 34964
15.39 34642
15.40 34605
15.41 34730
15.42 34642
15.43 34930
15.44 34711
15.45 34953
15.46 34506
15.47 34444
15.48 34945
15.49 34806
15.50 34493
15.51 34372
15.52 34575
15.53 34276
15.54 34774
15.55 34595
15.56 34381
15.57 34633
15.58 34549
15.59 34537
15.60 34376
15.61 34448
15.62 34264
15.63 34258
15.64 34584
15.65 34195
15.66 34463
15.67 34348
15.68 34286
15.69 34168
15.70 34418
15.71 34219
15.72 34102
15.73 33992
15.74 34033
15.75 33936
15.76 33895
15.77 33951
15.78 34052
15.79 33595
15.80 33710
15.81 33749
15.82 34031
15.83 34114
15.84 33470
15.85 33829
15.86 34012
15.87 33724
15.88 33877
15.89 33751
15.90 33978
15.91 33920
15.92 33565
15.93 33873
15.94 33657
15.95 33585
15.96 33494
15.97 33471
15.98 33397
15.99 33643
16.00 33607
16.01 33672
16.02 33356
16.03 33312
16.04 33571
16.05 33488
16.06 33575
16.07 33247
16.08 33443
16.09 33240
16.10 33320
16.11 32978
16.12 33436
16.13 32884
16.14 33188
16.15 33222
16.16 33309
16.17 33020
16.18 33308
16.19 33211
16.20 33062
16.21 33164
16.22 33058
16.23 32716
16.24 32844
16.25 33064
16.26 32862
16.27 32507
16.28 32841
16.29 32938
16.30 33275
16.31 33058
16.32 32775
16.33 32786
16.34 32803
16.35 32705
16.36 32624
16.37 32712
16.38 32434
16.39 32515
16.40 32625
16.41 32310
16.42 32645
16.43 32523
16.44 32464
16.45 32466
16.46 32481
16.47 32230
16.48 32847
16.49 32327
16.50 32062
16.51 32207
16.52 32302
16.53 32325
16.54 31973
16.55 32151
16.56 32265
16.57 31786
16.58 31971
16.59 32068
16.60 32068
16.61 32234
16.62 31959
16.63 32044
16.64 31991
16.65 32065
16.66 31988
16.67 31719
16.68 31852
16.69 31995
16.70 31760
16.71 31434
16.72 31934
16.73 31481
16.74 31599
16.75 32033
16.76 31718
16.77 31518
16.78 31498
16.79 31136
16.80 31290
16.81 31693
16.82 31514
16.83 31186
16.84 31509
16.85 31200
16.86 31329
16.87 31341
16.88 31013
16.89 31093
16.90 31180
16.91 30798
16.92 31021
16.93 31002
16.94 31276
16.95 30865
16.96 31130
16.97 30782
16.98 30744
16.99 30903
17.00 30408
17.01 30926
17.02 30874
17.03 30592
17.04 30830
17.05 30576
17.06 30831
17.07 30520
17.08 30465
17.09 30232
17.10 30716
17.11 30748
17.12 30433
17.13 30545
17.14 30375
17.15 30195
17.16 30303
17.17 30076
17.18 30076
17.19 30296
17.20 29978
17.21 30164
17.22 29912
17.23 30323
17.24 29949
17.25 29901
17.26 29817
17.27 29904
17.28 29691
17.29 29724
17.30 29987
17.31 29969
17.32 29578
17.33 29967
17.34 29647
17.35 29369
17.36 29677
17.37 29444
17.38 29350
17.39 29511
17.40 29279
17.41 29467
17.42 29254
17.43 29428
17.44 29666
17.45 29386
17.46 29164
17.47 28995
17.48 29156
17.49 29121
17.50 29269
17.51 29179
17.52 29245
17.53 29305
17.54 28816
17.55 29091
17.56 28928
17.57 28698
17.58 28840
17.59 28688
17.60 28753
17.61 28788
17.62 28728
17.63 28982
17.64 28664
17.65 28584
17.66 28714
17.67 28544
17.68 28641
17.69 28508
17.70 28322
17.71 28600
17.72 28365
17.73 28420
17.74 27870
17.75 28264
17.76 28151
17.77 27970
17.78 28100
17.79 27904
17.80 28162
17.81 28058
17.82 27990
17.83 27967
17.84 27607
17.85 27730
17.86 27705
17.87 27972
17.88 27680
17.89 27512
17.90 27337
17.91 27509
17.92 27754
17.93 27614
17.94 27396
17.95 27414
17.96 27508
17.97 27446
17.98 27165
17.99 27263
18.00 27158
18.01 27109
18.02 26656
18.03 27182
18.04 27224
18.05 27119
18.06 27012
18.07 26808
18.08 27052
18.09 26663
18.10 27045
18.11 27090
18.12 27254
18.13 26821
18.14 26513
18.15 26565
18.16 26860
18.17 26370
18.18 26574
18.19 26386
18.20 26486
18.21 26441
18.22 26324
18.23 26249
18.24 26433
18.25 26411
18.26 26125
18.27 26191
18.28 26095
18.29 26110
18.30 26137
18.31 26077
18.32 25902
18.33 25762
18.34 26117
18.35 25787
18.36 25700
18.37 25432
18.38 25903
18.39 25563
18.40 25602
18.41 25649
18.42 25253
18.43 25638
18.44 25504
18.45 25545
18.46 24936
18.47 25314
18.48 25166
18.49 24865
18.50 25202
18.51 25313
18.52 24967
18.53 25072
18.54 25017
18.55 25012
18.56 25049
18.57 25213
18.58 24895
18.59 24711
18.60 24835
18.61 24798
18.62 24451
18.63 24254
18.64 24885
18.65 24468
18.66 24413
18.67 24446
18.68 24122
18.69 24252
18.70 24241
18.71 24143
18.72 24199
18.73 24201
18.74 24009
18.75 24158
18.76 24011
18.77 23926
18.78 23831
18.79 23838
18.80 23736
18.81 24113
18.82 23538
18.83 23614
18.84 23670
18.85 23482
18.86 23565
18.87 23542
18.88 23232
18.89 23560
18.90 23750
18.91 23492
18.92 23254
18.93 23009
18.94 23242
18.95 23152
18.96 23168
18.97 22857
18.98 22683
18.99 23229
19.00 22650
19.01 22991
19.02 22724
19.03 22988
19.04 22214
19.05 22619
19.06 22880
19.07 22418
19.08 22417
19.09 22317
19.10 22423
19.11 22301
19.12 22300
19.13 22020
19.14 22281
19.15 22177
19.16 22370
19.17 22291
19.18 22087
19.19 22034
19.20 21899
19.21 21734
19.22 21712
19.23 21974
19.24 21574
19.25 21577
19.26 21569
19.27 21453
19.28 21352
19.29 21438
19.30 21457
19.31 21431
19.32 21365
19.33 21193
19.34 21095
19.35 20967
19.36 21060
19.37 21462
19.38 21273
19.39 20974
19.40 20988
19.41 20946
19.42 20839
19.43 20818
19.44 20518
19.45 20706
19.46 20500
19.47 20367
19.48 20561
19.49 20608
19.50 20696
19.51 20490
19.52 20200
19.53 20220
19.54 20408
19.55 20078
19.56 20133
19.57 19827
19.58 19964
19.59 19978
19.60 19936
19.61 19713
19.62 19587
19.63 19877
19.64 19659
19.65 19639
19.66 19722
19.67 19120
19.68 19436
19.69 19542
19.70 19402
19.71 19295
19.72 19245
19.73 19102
19.74 19070
19.75 19068
19.76 18983
19.77 19113
19.78 18727
19.79 18967
19.80 18853
19.81 18878
19.82 18603
19.83 18607
19.84 18974
19.85 18676
19.86 18415
19.87 18302
19.88 18599
19.89 18337
19.90 18216
19.91 18341
19.92 18258
19.93 18194
19.94 17831
19.95 18029
19.96 17975
19.97 17827
19.98 17646
19.99 18012
20.00 17829
20.01 17528
20.02 17783
20.03 17552
20.04 17346
20.05 17526
20.06 17556
20.07 17383
20.08 17068
20.09 17211
20.10 17197
20.11 17147
20.12 17089
20.13 17363
20.14 16884
20.15 16902
20.16 17057
20.17 16676
20.18 16643
20.19 16695
20.20 16627
20.21 16589
20.22 16646
20.23 16587
20.24 16443
20.25 16379
20.26 16442
20.27 16158
20.28 16389
20.29 16264
20.30 16015
20.31 16208
20.32 15940
20.33 15793
20.34 16128
20.35 16025
20.36 16002
20.37 15754
20.38 15621
20.39 15612
20.40 15523
20.41 15489
20.42 15508
20.43 15499
20.44 15359
20.45 15354
20.46 15407
20.47 15174
20.48 15232
20.49 15128
20.50 15033
20.51 15190
20.52 15136
20.53 15016
20.54 14952
20.55 14917
20.56 14569
20.57 14809
20.58 14966
20.59 14733
20.60 14648
20.61 14723
20.62 14781
20.63 14491
20.64 14488
20.65 14433
20.66 14191
20.67 14276
20.68 14170
20.69 14068
20.70 14101
20.71 14286
20.72 14030
20.73 14052
20.74 13928
20.75 14076
20.76 13951
20.77 13679
20.78 13810
20.79 13755
20.80 13498
20.81 13626
20.82 13413
20.83 13651
20.84 13525
20.85 13221
20.86 13430
20.87 13365
20.88 13199
20.89 13324
20.90 13288
20.91 13234
20.92 13417
20.93 13071
20.94 13096
20.95 12933
20.96 13248
20.97 13052
20.98 12965
20.99 12934
21.00 12859
21.01 12761
21.02 12712
21.03 12558
21.04 12935
21.05 12736
21.06 12723
21.07 12475
21.08 12302
21.09 12530
21.10 12595
21.11 12355
21.12 12117
21.13 12167
21.14 12346
21.15 12127
21.16 12008
21.17 12218
21.18 12218
21.19 11841
21.20 11818
21.21 11828
21.22 12065
21.23 11887
21.24 11893
21.25 11704
21.26 11562
21.27 11545
21.28 11774
21.29 11580
21.30 11529
21.31 11309
21.32 11500
21.33 11253
21.34 11491
21.35 11426
21.36 11544
21.37 11243
21.38 11123
21.39 11030
21.40 11004
21.41 11230
21.42 11146
21.43 11247
21.44 10956
21.45 10945
21.46 10853
21.47 10994
21.48 10904
21.49 10831
21.50 10835
21.51 10681
21.52 10655
21.53 10496
21.54 10429
21.55 10441
21.56 10397
21.57 10370
21.58 10472
21.59 10355
21.60 10356
21.61 10369
21.62 10362
21.63 10176
21.64 10305
21.65 10374
21.66 10011
21.67 10115
21.68 9932
21.69 10031
21.70 10081
21.71 10108
21.72 10109
21.73 9854
21.74 9782
21.75 9805
21.76 9671
21.77 9831
21.78 9727
21.79 9744
21.80 9545
21.81 9567
21.82 9643
21.83 9492
21.84 9511
21.85 9386
21.86 9353
21.87 9388
21.88 9291
21.89 9479
21.90 9299
21.91 9392
21.92 9320
21.93 9076
21.94 9113
21.95 9101
21.96 9226
21.97 8897
21.98 8952
21.99 8891
22.00 9063
22.01 8889
22.02 8982
22.03 8874
22.04 8838
22.05 8751
22.06 8807
22.07 8754
22.08 8583
22.09 8598
22.10 8686
22.11 8607
22.12 8759
22.13 8433
22.14 8635
22.15 8323
22.16 8276
22.17 8444
22.18 8402
22.19 8317
22.20 8222
22.21 8292
22.22 8253
22.23 8280
22.24 8172
22.25 8111
22.26 8041
22.27 8025
22.28 7981
22.29 8224
22.30 7929
22.31 7803
22.32 7817
22.33 7807
22.34 7785
22.35 7743
22.36 7721
22.37 7675
22.38 7709
22.39 7763
22.40 7708
22.41 7456
22.42 7604
22.43 7600
22.44 7480
22.45 7490
22.46 7434
22.47 7562
22.48 7423
22.49 7383
22.50 7452
22.51 7371
22.52 7221
22.53 7342
22.54 7201
22.55 7293
22.56 7127
22.57 7153
22.58 7296
22.59 7021
22.60 7160
22.61 7137
22.62 7109
22.63 7090
22.64 6912
22.65 6930
22.66 6844
22.67 6797
22.68 6808
22.69 6863
22.70 6725
22.71 6800
22.72 6710
22.73 6797
22.74 6655
22.75 6807
22.76 6558
22.77 6624
22.78 6488
22.79 6515
22.80 6381
22.81 6584
22.82 6491
22.83 6350
22.84 6308
22.85 6299
22.86 6433
22.87 6216
22.88 6289
22.89 6275
22.90 6306
22.91 6226
22.92 6213
22.93 6245
22.94 6285
22.95 6086
22.96 6028
22.97 6052
22.98 6071
22.99 5884
23.00 6029
23.01 5994
23.02 5828
23.03 5885
23.04 5869
23.05 5844
23.06 5867
23.07 5915
23.08 5725
23.09 5644
23.10 5775
23.11 5606
23.12 5711
23.13 5696
23.14 5685
23.15 5475
23.16 5500
23.17 5409
23.18 5512
23.19 5446
23.20 5473
23.21 5444
23.22 5475
23.23 5280
23.24 5433
23.25 5248
23.26 5319
23.27 5382
23.28 5207
23.29 5410
23.30 5238
23.31 5346
23.32 5118
23.33 5133
23.34 5086
23.35 5189
23.36 5125
23.37 5054
23.38 5060
23.39 5025
23.40 4999
23.41 5059
23.42 4958
23.43 4966
23.44 4857
23.45 4847
23.46 4873
23.47 4772
23.48 4823
23.49 4639
23.50 4853
23.51 4728
23.52 4777
23.53 4714
23.54 4627
23.55 4562
23.56 4628
23.57 4658
23.58 4411
23.59 4589
23.60 4455
23.61 4548
23.62 4523
23.63 4477
23.64 4488
23.65 4426
23.66 4403
23.67 4398
23.68 4479
23.69 4429
23.70 4189
23.71 4382
23.72 4343
23.73 4312
23.74 4257
23.75 4326
23.76 4138
23.77 4208
23.78 4093
23.79 4167
23.80 4103
23.81 4123
23.82 4073
23.83 4093
23.84 4085
23.85 3969
23.86 3966
23.87 3994
23.88 3911
23.89 3932
23.90 4095
23.91 3999
23.92 3852
23.93 3926
23.94 3822
23.95 3923
23.96 3859
23.97 3826
23.98 3789
23.99 3815
24.00 3794
24.01 3808
24.02 3772
24.03 3713
24.04 3733
24.05 3588
24.06 3696
24.07 3543
24.08 3610
24.09 3643
24.10 3587
24.11 3508
24.12 3568
24.13 3585
24.14 3452
24.15 3562
24.16 3383
24.17 3351
24.18 3480
24.19 3448
24.20 3368
24.21 3454
24.22 3364
24.23 3269
24.24 3231
24.25 3241
24.26 3216
24.27 3228
24.28 3263
24.29 3171
24.30 3254
24.31 3176
24.32 3153
24.33 3161
24.34 3145
24.35 3142
24.36 3006
24.37 3003
24.38 3090
24.39 3104
24.40 3120
24.41 3046
24.42 2985
24.43 2877
24.44 2885
24.45 3067
24.46 2971
24.47 2892
24.48 2935
24.49 2911
24.50 2848
24.51 2867
24.52 2824
24.53 2828
24.54 2855
24.55 2827
24.56 2798
24.57 2780
24.58 2803
24.59 2674
24.60 2722
24.61 2740
24.62 2609
24.63 2676
24.64 2638
24.65 2668
24.66 2590
24.67 2552
24.68 2697
24.69 2615
24.70 2446
24.71 2654
24.72 2518
24.73 2522
24.74 2475
24.75 2504
24.76 2546
24.77 2477
24.78 2442
24.79 2518
24.80 2464
24.81 2408
24.82 2478
24.83 2382
24.84 2407
24.85 2364
24.86 2353
24.87 2412
24.88 2368
24.89 2305
24.90 2384
24.91 2275
24.92 2227
24.93 2245
24.94 2199
24.95 2224
24.96 2246
24.97 2253
24.98 2238
24.99 2185
25.00 2172
25.01 2161
25.02 2140
25.03 2243
25.04 2106
25.05 2134
25.06 2039
25.07 2049
25.08 2080
25.09 2047
25.10 2040
25.11 2086
25.12 2050
25.13 2046
25.14 1998
25.15 1953
25.16 1934
25.17 1962
25.18 1914
25.19 1945
25.20 1987
25.21 1875
25.22 1920
25.23 1857
25.24 1894
25.25 1844
25.26 1847
25.27 1860
25.28 1828
25.29 1847
25.30 1785
25.31 1886
25.32 1801
25.33 1903
25.34 1761
25.35 1756
25.36 1705
25.37 1736
25.38 1813
25.39 1739
25.40 1662
25.41 1755
25.42 1729
25.43 1710
25.44 1648
25.45 1702
25.46 1694
25.47 1580
25.48 1604
25.49 1633
25.50 1626
25.51 1599
25.52 1625
25.53 1522
25.54 1625
25.55 1563
25.56 1601
25.57 1545
25.58 1620
25.59 1497
25.60 1483
25.61 1515
25.62 1523
25.63 1454
25.64 1488
25.65 1468
25.66 1497
25.67 1441
25.68 1435
25.69 1403
25.70 1369
25.71 1391
25.72 1423
25.73 1375
25.74 1315
25.75 1409
25.76 1375
25.77 1304
25.78 1258
25.79 1337
25.80 1269
25.81 1315
25.82 1322
25.83 1335
25.84 1236
25.85 1217
25.86 1342
25.87 1255
25.88 1228
25.89 1293
25.90 1225
25.91 1259
25.92 1200
25.93 1185
25.94 1218
25.95 1161
25.96 1202
25.97 1130
25.98 1115
25.99 1120
26.00 1144
26.01 1120
26.02 1150
26.03 1173
26.04 1042
26.05 1061
26.06 1121
26.07 1109
26.08 1092
26.09 1101
26.10 1035
26.11 975
26.12 1058
26.13 1081
26.14 995
26.15 1030
26.16 1075
26.17 1050
26.18 977
26.19 1011
26.20 996
26.21 969
26.22 985
26.23 951
26.24 986
26.25 1005
26.26 951
26.27 953
26.28 929
26.29 906
26.30 943
26.31 971
26.32 947
26.33 885
26.34 828
26.35 854
26.36 870
26.37 946
26.38 836
26.39 918
26.40 817
26.41 857
26.42 842
26.43 861
26.44 866
26.45 848
26.46 877
26.47 841
26.48 846
26.49 849
26.50 831
26.51 829
26.52 832
26.53 810
26.54 784
26.55 787
26.56 755
26.57 823
26.58 725
26.59 715
26.60 725
26.61 774
26.62 755
26.63 763
26.64 766
26.65 736
26.66 771
26.67 722
26.68 719
26.69 717
26.70 639
26.71 711
26.72 741
26.73 718
26.74 657
26.75 713
26.76 642
26.77 655
26.78 704
26.79 664
26.80 640
26.81 625
26.82 669
26.83 611
26.84 634
26.85 633
26.86 602
26.87 620
26.88 637
26.89 635
26.90 561
26.91 553
26.92 590
26.93 532
26.94 587
26.95 592
26.96 586
26.97 569
26.98 584
26.99 543
27.00 539
27.01 553
27.02 513
27.03 501
27.04 543
27.05 538
27.06 562
27.07 500
27.08 525
27.09 507
27.10 507
27.11 500
27.12 493
27.13 525
27.14 462
27.15 503
27.16 501
27.17 523
27.18 433
27.19 480
27.20 500
27.21 461
27.22 460
27.23 462
27.24 466
27.25 439
27.26 437
27.27 438
27.28 442
27.29 458
27.30 451
27.31 420
27.32 378
27.33 444
27.34 398
27.35 411
27.36 396
27.37 382
27.38 400
27.39 409
27.40 381
27.41 402
27.42 416
27.43 356
27.44 418
27.45 354
27.46 383
27.47 365
27.48 382
27.49 368
27.50 340
27.51 371
27.52 385
27.53 384
27.54 366
27.55 349
27.56 357
27.57 342
27.58 336
27.59 353
27.60 329
27.61 309
27.62 317
27.63 313
27.64 324
27.65 303
27.66 317
27.67 327
27.68 313
27.69 291
27.70 313
27.71 317
27.72 321
27.73 295
27.74 319
27.75 299
27.76 301
27.77 299
27.78 306
27.79 307
27.80 289
27.81 282
27.82 287
27.83 294
27.84 286
27.85 292
27.86 275
27.87 262
27.88 265
27.89 258
27.90 262
27.91 223
27.92 270
27.93 248
27.94 223
27.95 271
27.96 231
27.97 227
27.98 263
27.99 240
28.00 260
28.01 248
28.02 243
28.03 241
28.04 223
28.05 241
28.06 225
28.07 251
28.08 244
28.09 212
28.10 224
28.11 193
28.12 221
28.13 224
28.14 222
28.15 212
28.16 222
28.17 209
28.18 222
28.19 202
28.20 211
28.21 201
28.22 225
28.23 203
28.24 204
28.25 178
28.26 237
28.27 179
28.28 174
28.29 181
28.30 180
28.31 183
28.32 190
28.33 185
28.34 200
28.35 176
28.36 179
28.37 174
28.38 167
28.39 173
28.40 184
28.41 171
28.42 165
28.43 164
28.44 167
28.45 144
28.46 169
28.47 176
28.48 169
28.49 162
28.50 157
28.51 132
28.52 147
28.53 162
28.54 154
28.55 145
28.56 157
28.57 158
28.58 142
28.59 142
28.60 119
28.61 153
28.62 135
28.63 143
28.64 120
28.65 136
28.66 150
28.67 164
28.68 148
28.69 134
28.70 129
28.71 137
28.72 138
28.73 140
28.74 135
28.75 130
28.76 118
28.77 109
28.78 104
28.79 108
28.80 132
28.81 119
28.82 117
28.83 107
28.84 120
28.85 109
28.86 105
28.87 124
28.88 113
28.89 108
28.90 109
28.91 121
28.92 105
28.93 107
28.94 112
28.95 108
28.96 98
28.97 109
28.98 95
28.99 103
29.00 108
29.01 85
29.02 95
29.03 74
29.04 106
29.05 94
29.06 99
29.07 105
29.08 88
29.09 106
29.10 99
29.11 87
29.12 102
29.13 81
29.14 80
29.15 96
29.16 99
29.17 79
29.18 72
29.19 66
29.20 74
29.21 89
29.22 89
29.23 64
29.24 73
29.25 69
29.26 76
29.27 85
29.28 72
29.29 77
29.30 95
29.31 72
29.32 86
29.33 67
29.34 91
29.35 66
29.36 69
29.37 58
29.38 60
29.39 73
29.40 59
29.41 75
29.42 62
29.43 63
29.44 70
29.45 61
29.46 78
29.47 60
29.48 76
29.49 60
29.50 68
29.51 47
29.52 60
29.53 43
29.54 55
29.55 58
29.56 60
29.57 55
29.58 61
29.59 52
29.60 55
29.61 56
29.62 60
29.63 47
29.64 51
29.65 51
29.66 43
29.67 45
29.68 42
29.69 48
29.70 46
29.71 46
29.72 50
29.73 39
29.74 54
29.75 40
29.76 41
29.77 39
29.78 40
29.79 44
29.80 37
29.81 49
29.82 39
29.83 49
29.84 39
29.85 47
29.86 44
29.87 39
29.88 37
29.89 41
29.90 40
29.91 40
29.92 44
29.93 37
29.94 42
29.95 31
29.96 33
29.97 39
29.98 39
29.99 36
30.00 32
30.01 35
30.02 38
30.03 28
30.04 26
30.05 25
30.06 36
30.07 31
30.08 29
30.09 38
30.10 20
30.11 28
30.12 35
30.13 31
30.14 28
30.15 25
30.16 27
30.17 26
30.18 26
30.19 34
30.20 27
30.21 27
30.22 37
30.23 26
30.24 29
30.25 27
30.26 25
30.27 29
30.28 25
30.29 26
30.30 21
30.31 24
30.32 23
30.33 23
30.34 24
30.35 17
30.36 17
30.37 17
30.38 24
30.39 25
30.40 20
30.41 18
30.42 21
30.43 22
30.44 18
30.45 18
30.46 23
30.47 17
30.48 30
30.49 25
30.50 17
30.51 16
30.52 12
30.53 15
30.54 18
30.55 21
30.56 13
30.57 20
30.58 13
30.59 12
30.60 16
30.61 13
30.62 20
30.63 8
30.64 15
30.65 14
30.66 15
30.67 9
30.68 15
30.69 14
30.70 19
30.71 7
30.72 11
30.73 17
30.74 11
30.75 15
30.76 8
30.77 13
30.78 12
30.79 12
30.80 12
30.81 12
30.82 14
30.83 12
30.84 18
30.85 10
30.86 13
30.87 13
30.88 10
30.89 9
30.90 14
30.91 9
30.92 14
30.93 11
30.94 12
30.95 9
30.96 11
30.97 9
30.98 9
30.99 10
31.00 9
31.01 5
31.02 9
31.03 13
31.04 13
31.05 8
31.06 7
31.07 9
31.08 11
31.09 7
31.10 11
31.11 10
31.12 8
31.13 9
31.14 2
31.15 5
31.16 12
31.17 10
31.18 5
31.19 9
31.20 6
31.21 6
31.22 8
31.23 10
31.24 2
31.25 7
31.26 7
31.27 6
31.28 10
31.29 6
31.30 7
31.31 4
31.32 5
31.33 8
31.34 4
31.35 5
31.36 8
31.37 2
31.38 5
31.39 5
31.40 6
31.41 8
31.42 6
31.43 5
31.44 2
31.45 5
31.46 3
31.47 4
31.48 4
31.49 5
31.50 0
31.51 3
31.52 3
31.53 6
31.54 5
31.55 2
31.56 2
31.57 3
31.58 3
31.59 1
31.60 6
31.61 2
31.62 1
31.63 5
31.64 2
31.65 3
31.66 5
31.67 6
31.68 3
31.69 13
31.70 6
31.71 5
31.72 2
31.73 4
31.74 4
31.75 2
31.76 3
31.77 5
31.78 2
31.79 2
31.80 1
31.81 2
31.82 1
31.83 3
31.84 2
31.85 3
31.86 0
31.87 0
31.88 2
31.89 0
31.90 3
31.91 3
31.92 1
31.93 0
31.94 0
31.95 2
31.96 2
31.97 0
31.98 4
31.99 1
32.00 0
32.01 1
32.02 3
32.03 1
32.04 3
32.05 1
32.06 0
32.07 3
32.08 2
32.09 3
32.10 1
32.11 1
32.12 0
32.13 1
32.14 3
32.15 1
32.16 1
32.17 0
32.18 3
32.19 2
32.20 2
32.21 0
32.22 2
32.23 1
32.24 0
32.25 2
32.26 1
32.27 1
32.28 0
32.29 1
32.30 0
32.31 0
32.32 0
32.33 0
32.34 1
32.35 0
32.36 0
32.37 0
32.38 0
32.39 4
32.40 0
32.41 0
32.42 0
32.43 1
32.44 0
32.45 0
32.46 0
32.47 2
32.48 0
32.49 1
32.50 1
32.51 0
32.52 0
32.53 0
32.54 2
32.55 2
32.56 1
32.57 0
32.58 1
32.59 0
32.60 2
32.61 0
32.62 1
32.63 0
32.64 0
32.65 2
32.66 0
32.67 0
32.68 1
32.69 0
32.70 0
32.71 1
32.72 0
32.73 0
32.74 0
32.75 2
32.76 0
32.77 0
32.78 0
32.79 1
32.80 0
32.81 0
32.82 0
32.83 0
32.84 0
32.85 1
32.86 0
32.87 1
32.88 0
32.89 1
32.90 0
32.91 0
32.92 0
32.93 1
32.94 0
32.95 0
32.96 3
32.97 1
32.98 0
32.99 0
33.00 0
33.01 0
33.02 0
33.03 0
33.04 0
33.05 0
33.06 1
33.07 0
33.08 0
33.09 0
33.10 0
33.11 0
33.12 0
33.13 0
33.14 0
33.15 0
33.16 0
33.17 0
33.18 0
33.19 0
33.20 0
33.21 0
33.22 0
33.23 0
33.24 0
33.25 0
33.26 0
33.27 0
33.28 0
33.29 0
33.30 0
33.31 0
33.32 0
33.33 0
33.34 1
33.35 0
33.36 0
33.37 0
33.38 0
33.39 0
33.40 0
33.41 0
33.42 0
33.43 0
33.44 0
33.45 0
33.46 0
33.47 0
33.48 0
33.49 0
33.50 0
33.51 0
33.52 0
33.53 0
33.54 0
33.55 0
33.56 0
33.57 0
33.58 0
33.59 0
33.60 0
33.61 0
33.62 0
33.63 0
33.64 0
33.65 0
33.66 0
33.67 0
33.68 0
33.69 0
33.70 0
33.71 0
33.72 0
33.73 0
33.74 0
33.75 0
33.76 0
33.77 0
33.78 0
33.79 0
33.80 0
33.81 0
33.82 0
33.83 0
33.84 0
33.85 0
33.86 0
33.87 0
33.88 0
33.89 0
33.90 0
33.91 0
33.92 0
33.93 0
33.94 0
33.95 0
33.96 0
33.97 0
33.98 0
33.99 0
34.00 0
34.01 0
34.02 0
34.03 0
34.04 0
34.05 0
34.06 0
34.07 0
34.08 0
34.09 0
34.10 0
34.11 0
34.12 0
34.13 0
34.14 0
34.15 0
34.16 0
34.17 0
34.18 0
34.19 0
34.20 0
34.21 0
34.22 0
34.23 0
34.24 0
34.25 0
34.26 0
34.27 0
34.28 0
34.29 0
34.30 0
34.31 0
34.32 0
34.33 0
34.34 0
34.35 0
34.36 0
34.37 0
34.38 0
34.39 0
34.40 0
34.41 0
34.42 0
34.43 0
34.44 0
34.45 0
34.46 0
34.47 0
34.48 0
34.49 0
34.50 0
34.51 0
34.52 0
34.53 0
34.54 0
34.55 0
34.56 0
34.57 0
34.58 0
34.59 0
34.60 0
34.61 0
34.62 0
34.63 0
34.64 0