00.00 0
00.01 0
00.02 0
00.03 0
00.04 2
00.05 1
00.06 2
00.07 4
00.08 7
00.09 5
00.10 9
00.11 10
00.12 13
00.13 9
00.14 19
00.15 18
00.16 25
00.17 14
00.18 20
00.19 27
00.20 37
00.21 26
00.22 33
00.23 37
00.24 46
00.25 44
00.26 50
00.27 57
00.28 66
00.29 61
00.30 70
00.31 72
00.32 74
00.33 69
00.34 87
00.35 87
00.36 115
00.37 106
00.38 117
00.39 113
00.40 119
00.41 120
00.42 146
00.43 129
00.44 142
00.45 130
00.46 153
00.47 146
00.48 175
00.49 198
00.50 191
00.51 193
00.52 203
00.53 240
00.54 208
00.55 240
00.56 219
00.57 234
00.58 250
00.59 259
00.60 268
00.61 277
00.62 295
00.63 283
00.64 299
00.65 291
00.66 326
00.67 296
00.68 312
00.69 365
00.70 386
00.71 347
00.72 374
00.73 433
00.74 433
00.75 416
00.76 399
00.77 420
00.78 457
00.79 452
00.80 448
00.81 468
00.82 484
00.83 503
00.84 535
00.85 549
00.86 563
00.87 528
00.88 558
00.89 572
00.90 589
00.91 621
00.92 638
00.93 636
00.94 657
00.95 643
00.96 691
00.97 673
00.98 718
00.99 677
01.00 768
01.01 722
01.02 734
01.03 771
01.04 773
01.05 770
01.06 761
01.07 860
01.08 837
01.09 837
01.10 920
01.11 836
01.12 916
01.13 939
01.14 939
01.15 938
01.16 991
01.17 1053
01.18 1022
01.19 988
01.20 1025
01.21 1026
01.22 1094
01.23 1050
01.24 1103
01.25 1114
01.26 1154
01.27 1136
01.28 1171
01.29 1126
01.30 1206
01.31 1256
01.32 1182
01.33 1255
01.34 1218
01.35 1255
01.36 1215
01.37 1292
01.38 1367
01.39 1334
01.40 1368
01.41 1384
01.42 1422
01.43 1456
01.44 1449
01.45 1509
01.46 1546
01.47 1582
01.48 1550
01.49 1605
01.50 1605
01.51 1619
01.52 1627
01.53 1586
01.54 1629
01.55 1665
01.56 1713
01.57 1712
01.58 1718
01.59 1772
01.60 1812
01.61 1747
01.62 1860
01.63 1908
01.64 1906
01.65 1886
01.66 1961
01.67 1881
01.68 1957
01.69 2009
01.70 1941
01.71 2064
01.72 2116
01.73 2067
01.74 2046
01.75 2140
01.76 2092
01.77 2122
01.78 2137
01.79 2223
01.80 2319
01.81 2258
01.82 2246
01.83 2293
01.84 2390
01.85 2331
01.86 2331
01.87 2454
01.88 2452
01.89 2477
01.90 2500
01.91 2449
01.92 2513
01.93 2462
01.94 2467
01.95 2565
01.96 2626
01.97 2646
01.98 2665
01.99 2686
02.00 2646
02.01 2720
02.02 2635
02.03 2738
02.04 2942
02.05 2804
02.06 2903
02.07 2904
02.08 2852
02.09 2972
02.10 2938
02.11 3058
02.12 3035
02.13 3124
02.14 3026
02.15 3094
02.16 3129
02.17 3149
02.18 3077
02.19 3141
02.20 3217
02.21 3274
02.22 3321
02.23 3356
02.24 3268
02.25 3274
02.26 3440
02.27 3563
02.28 3555
02.29 3500
02.30 3435
02.31 3596
02.32 3535
02.33 3533
02.34 3542
02.35 3632
02.36 3618
02.37 3625
02.38 3711
02.39 3805
02.40 3725
02.41 3736
02.42 3696
02.43 3839
02.44 3781
02.45 3990
02.46 3973
02.47 4032
02.48 3922
02.49 4018
02.50 4181
02.51 4060
02.52 4147
02.53 4199
02.54 4149
02.55 4262
02.56 4224
02.57 4370
02.58 4277
02.59 4377
02.60 4280
02.61 4481
02.62 4408
02.63 4474
02.64 4392
02.65 4399
02.66 4641
02.67 4532
02.68 4637
02.69 4596
02.70 4628
02.71 4621
02.72 4753
02.73 4733
02.74 4903
02.75 4785
02.76 4838
02.77 4962
02.78 4952
02.79 4980
02.80 4888
02.81 5021
02.82 4984
02.83 5050
02.84 5033
02.85 5058
02.86 5152
02.87 5195
02.88 5103
02.89 5273
02.90 5352
02.91 5329
02.92 5401
02.93 5432
02.94 5407
02.95 5447
02.96 5483
02.97 5503
02.98 5521
02.99 5449
03.00 5439
03.01 5611
03.02 5716
03.03 5729
03.04 5643
03.05 5691
03.06 5773
03.07 5707
03.08 5764
03.09 5951
03.10 5858
03.11 6003
03.12 5925
03.13 6077
03.14 5992
03.15 6155
03.16 6207
03.17 6153
03.18 6260
03.19 6234
03.20 6342
03.21 6326
03.22 6345
03.23 6322
03.24 6429
03.25 6465
03.26 6666
03.27 6593
03.28 6520
03.29 6695
03.30 6692
03.31 6773
03.32 6601
03.33 6885
03.34 6791
03.35 6711
03.36 6940
03.37 6831
03.38 7013
03.39 6962
03.40 7034
03.41 6966
03.42 6951
03.43 6942
03.44 7178
03.45 7127
03.46 7229
03.47 7214
03.48 7140
03.49 7269
03.50 7294
03.51 7449
03.52 7507
03.53 7403
03.54 7450
03.55 7398
03.56 7484
03.57 7558
03.58 7689
03.59 7750
03.60 7772
03.61 7675
03.62 7920
03.63 7814
03.64 7771
03.65 7942
03.66 7973
03.67 7885
03.68 8032
03.69 8197
03.70 7922
03.71 8215
03.72 8167
03.73 8028
03.74 8274
03.75 8197
03.76 8122
03.77 8319
03.78 8331
03.79 8448
03.80 8435
03.81 8397
03.82 8442
03.83 8595
03.84 8792
03.85 8632
03.86 8642
03.87 8668
03.88 8687
03.89 8658
03.90 8902
03.91 8949
03.92 9086
03.93 8676
03.94 8851
03.95 8881
03.96 8959
03.97 8925
03.98 8949
03.99 8909
04.00 9072
04.01 9371
04.02 9441
04.03 9158
04.04 9396
04.05 9300
04.06 9298
04.07 9357
04.08 9616
04.09 9309
04.10 9342
04.11 9506
04.12 9740
04.13 9678
04.14 9676
04.15 9723
04.16 9987
04.17 9688
04.18 9773
04.19 10097
04.20 9832
04.21 10184
04.22 9999
04.23 9984
04.24 10179
04.25 10044
04.26 10061
04.27 10252
04.28 10231
04.29 10304
04.30 10452
04.31 10383
04.32 10298
04.33 10407
04.34 10526
04.35 10630
04.36 10578
04.37 10648
04.38 10516
04.39 10488
04.40 10833
04.41 11017
04.42 10812
04.43 10865
04.44 10910
04.45 10921
04.46 10953
04.47 11033
04.48 11025
04.49 11110
04.50 10979
04.51 11169
04.52 11389
04.53 11213
04.54 11175
04.55 11185
04.56 11447
04.57 11310
04.58 11686
04.59 11431
04.60 11677
04.61 11611
04.62 11651
04.63 11559
04.64 11644
04.65 11743
04.66 11665
04.67 11828
04.68 11924
04.69 11800
04.70 11918
04.71 12047
04.72 11973
04.73 11818
04.74 11958
04.75 12219
04.76 12096
04.77 12375
04.78 12400
04.79 12241
04.80 12300
04.81 12214
04.82 12451
04.83 12335
04.84 12393
04.85 12471
04.86 12422
04.87 12766
04.88 12635
04.89 12755
04.90 12606
04.91 12731
04.92 12802
04.93 12800
04.94 12912
04.95 12920
04.96 13082
04.97 12859
04.98 12924
04.99 13228
05.00 13003
05.01 12866
05.02 13063
05.03 13264
05.04 13358
05.05 13204
05.06 13381
05.07 13502
05.08 13671
05.09 13351
05.10 13588
05.11 13480
05.12 13567
05.13 13526
05.14 13805
05.15 13691
05.16 13498
05.17 13662
05.18 13924
05.19 13789
05.20 14175
05.21 14125
05.22 13989
05.23 13835
05.24 14025
05.25 14257
05.26 14158
05.27 14301
05.28 14182
05.29 14330
05.30 14145
05.31 14219
05.32 14442
05.33 14557
05.34 14587
05.35 14504
05.36 14531
05.37 14660
05.38 14574
05.39 14530
05.40 14627
05.41 14864
05.42 14874
05.43 14778
05.44 14974
05.45 14821
05.46 14908
05.47 15031
05.48 15029
05.49 15185
05.50 15445
05.51 15332
05.52 15312
05.53 15147
05.54 15320
05.55 15446
05.56 15446
05.57 15450
05.58 15188
05.59 15553
05.60 15485
05.61 15403
05.62 15865
05.63 15577
05.64 15505
05.65 15778
05.66 15940
05.67 15860
05.68 15750
05.69 15937
05.70 15989
05.71 15948
05.72 16213
05.73 16349
05.74 16283
05.75 15861
05.76 16452
05.77 16362
05.78 16439
05.79 16399
05.80 16404
05.81 16481
05.82 16397
05.83 16790
05.84 16407
05.85 16550
05.86 16750
05.87 16593
05.88 16942
05.89 16893
05.90 16831
05.91 16757
05.92 16821
05.93 16926
05.94 17087
05.95 16971
05.96 17131
05.97 17110
05.98 17009
05.99 17075
06.00 17173
06.01 17263
06.02 17748
06.03 17452
06.04 17391
06.05 17604
06.06 17427
06.07 17364
06.08 17695
06.09 17666
06.10 17545
06.11 17520
06.12 17663
06.13 17508
06.14 17800
06.15 17779
06.16 17910
06.17 18054
06.18 17956
06.19 18139
06.20 18175
06.21 17948
06.22 18185
06.23 18248
06.24 18227
06.25 18162
06.26 18242
06.27 18165
06.28 18386
06.29 18288
06.30 18449
06.31 18664
06.32 18565
06.33 18795
06.34 18891
06.35 18578
06.36 18709
06.37 18652
06.38 18953
06.39 18798
06.40 18661
06.41 19019
06.42 18918
06.43 19033
06.44 18890
06.45 18990
06.46 19065
06.47 19122
06.48 18936
06.49 18844
06.50 19114
06.51 19247
06.52 19302
06.53 19259
06.54 19346
06.55 19460
06.56 19424
06.57 19378
06.58 19764
06.59 19782
06.60 19504
06.61 19663
06.62 19907
06.63 19648
06.64 19776
06.65 19865
06.66 19829
06.67 20088
06.68 19858
06.69 20013
06.70 20084
06.71 20162
06.72 20119
06.73 20375
06.74 20410
06.75 20219
06.76 20360
06.77 20171
06.78 20424
06.79 20539
06.80 20494
06.81 20610
06.82 20323
06.83 20434
06.84 20604
06.85 20353
06.86 20798
06.87 20786
06.88 20712
06.89 20841
06.90 20995
06.91 20811
06.92 20820
06.93 20742
06.94 20964
06.95 21313
06.96 21007
06.97 21215
06.98 21187
06.99 21090
07.00 21353
07.01 21234
07.02 21339
07.03 21268
07.04 21324
07.05 21353
07.06 21575
07.07 21562
07.08 21322
07.09 21490
07.10 21713
07.11 21746
07.12 21686
07.13 22210
07.14 21868
07.15 22186
07.16 22019
07.17 21887
07.18 21970
07.19 22063
07.20 22294
07.21 21847
07.22 22248
07.23 22366
07.24 22241
07.25 22164
07.26 22245
07.27 22335
07.28 22326
07.29 22276
07.30 22386
07.31 22388
07.32 22362
07.33 22581
07.34 22653
07.35 22513
07.36 22779
07.37 22681
07.38 22712
07.39 22673
07.40 22850
07.41 22812
07.42 22978
07.43 23022
07.44 22763
07.45 23092
07.46 23084
07.47 23022
07.48 23242
07.49 22960
07.50 23375
07.51 23485
07.52 23728
07.53 23782
07.54 23484
07.55 23555
07.56 23430
07.57 23707
07.58 23221
07.59 23413
07.60 23573
07.61 23756
07.62 23789
07.63 23677
07.64 23765
07.65 24120
07.66 23926
07.67 23907
07.68 24166
07.69 24223
07.70 23793
07.71 24166
07.72 24022
07.73 24355
07.74 24322
07.75 24064
07.76 24358
07.77 24216
07.78 24156
07.79 24474
07.80 24325
07.81 24704
07.82 24456
07.83 24491
07.84 24461
07.85 24596
07.86 24511
07.87 24533
07.88 24792
07.89 24678
07.90 24586
07.91 24775
07.92 24754
07.93 24585
07.94 24700
07.95 24922
07.96 24897
07.97 24667
07.98 25144
07.99 25201
08.00 25169
08.01 25080
08.02 25186
08.03 25189
08.04 25073
08.05 25402
08.06 25161
08.07 25335
08.08 25588
08.09 25434
08.10 25655
08.11 25360
08.12 25320
08.13 25497
08.14 25393
08.15 25501
08.16 25747
08.17 25630
08.18 25612
08.19 25974
08.20 25984
08.21 25904
08.22 25980
08.23 25862
08.24 25834
08.25 25833
08.26 26048
08.27 26243
08.28 25906
08.29 25878
08.30 25752
08.31 26344
08.32 26076
08.33 26210
08.34 26451
08.35 26284
08.36 26318
08.37 26542
08.38 26315
08.39 26222
08.40 26380
08.41 26308
08.42 26541
08.43 26850
08.44 26978
08.45 26698
08.46 26691
08.47 26690
08.48 27014
08.49 26536
08.50 26886
08.51 26900
08.52 26843
08.53 27110
08.54 26816
08.55 27043
08.56 27130
08.57 26956
08.58 26979
08.59 26793
08.60 27207
08.61 27012
08.62 27436
08.63 27241
08.64 27294
08.65 27169
08.66 27228
08.67 27735
08.68 27328
08.69 27506
08.70 27384
08.71 27126
08.72 27687
08.73 27916
08.74 27835
08.75 27655
08.76 28058
08.77 27511
08.78 28009
08.79 27645
08.80 27751
08.81 27974
08.82 27814
08.83 28227
08.84 27904
08.85 27854
08.86 28353
08.87 28068
08.88 28299
08.89 28102
08.90 28105
08.91 28323
08.92 28230
08.93 28196
08.94 28479
08.95 28313
08.96 28147
08.97 28284
08.98 28377
08.99 28364
09.00 28525
09.01 28543
09.02 28681
09.03 28393
09.04 28742
09.05 28858
09.06 28664
09.07 28832
09.08 28931
09.09 28903
09.10 28623
09.11 28838
09.12 29077
09.13 28714
09.14 28857
09.15 28860
09.16 28857
09.17 28976
09.18 28993
09.19 29107
09.20 29424
09.21 29114
09.22 28969
09.23 29004
09.24 29228
09.25 29189
09.26 29465
09.27 29645
09.28 29208
09.29 29166
09.30 29935
09.31 29368
09.32 29725
09.33 29675
09.34 29582
09.35 29743
09.36 29554
09.37 29776
09.38 29774
09.39 29687
09.40 29988
09.41 29652
09.42 29718
09.43 29847
09.44 29743
09.45 29727
09.46 29692
09.47 30388
09.48 30059
09.49 29913
09.50 30010
09.51 30032
09.52 30128
09.53 29984
09.54 29926
09.55 30101
09.56 30275
09.57 30352
09.58 30130
09.59 29927
09.60 30149
09.61 30557
09.62 30182
09.63 30388
09.64 30651
09.65 30595
09.66 30230
09.67 30170
09.68 30444
09.69 30368
09.70 30385
09.71 30907
09.72 30727
09.73 30783
09.74 30411
09.75 30921
09.76 30931
09.77 30579
09.78 31013
09.79 30944
09.80 30841
09.81 30750
09.82 30786
09.83 31238
09.84 31007
09.85 30987
09.86 30887
09.87 30977
09.88 31110
09.89 30841
09.90 30943
09.91 31455
09.92 31329
09.93 31296
09.94 31324
09.95 31499
09.96 31379
09.97 31549
09.98 31524
09.99 31234
10.00 31525
10.01 31538
10.02 31471
10.03 31428
10.04 31744
10.05 31493
10.06 31355
10.07 31730
10.08 31437
10.09 31812
10.10 31543
10.11 31389
10.12 32037
10.13 31415
10.14 31777
10.15 31862
10.16 31643
10.17 31633
10.18 31498
10.19 32264
10.20 32240
10.21 31612
10.22 32322
10.23 32195
10.24 31821
10.25 32055
10.26 31909
10.27 31903
10.28 32008
10.29 32050
10.30 32039
10.31 32475
10.32 32189
10.33 32096
10.34 32139
10.35 32242
10.36 32299
10.37 32497
10.38 32572
10.39 32388
10.40 32487
10.41 32357
10.42 32523
10.43 32661
10.44 32613
10.45 32590
10.46 32448
10.47 32598
10.48 32630
10.49 32827
10.50 32771
10.51 32879
10.52 32696
10.53 32633
10.54 32919
10.55 32393
10.56 33101
10.57 32964
10.58 32739
10.59 32887
10.60 32691
10.61 32937
10.62 33044
10.63 33055
10.64 33206
10.65 32931
10.66 33293
10.67 32861
10.68 32909
10.69 33001
10.70 33202
10.71 33373
10.72 32798
10.73 33373
10.74 33428
10.75 33373
10.76 33200
10.77 33195
10.78 33202
10.79 33303
10.80 33218
10.81 33284
10.82 33412
10.83 33338
10.84 33369
10.85 33027
10.86 33649
10.87 33463
10.88 33402
10.89 33776
10.90 33393
10.91 33658
10.92 33635
10.93 33818
10.94 33454
10.95 33530
10.96 33614
10.97 33926
10.98 33784
10.99 33530
11.00 33709
11.01 33501
11.02 33634
11.03 34257
11.04 33506
11.05 34038
11.06 33784
11.07 33974
11.08 33761
11.09 33792
11.10 34095
11.11 34037
11.12 33873
11.13 33943
11.14 33912
11.15 33649
11.16 34215
11.17 34144
11.18 34153
11.19 33851
11.20 33916
11.21 34248
11.22 34012
11.23 34551
11.24 33886
11.25 34542
11.26 34384
11.27 34225
11.28 34500
11.29 34434
11.30 34379
11.31 34278
11.32 34305
11.33 34399
11.34 34182
11.35 34384
11.36 34427
11.37 34594
11.38 34602
11.39 34575
11.40 34471
11.41 34357
11.42 34491
11.43 34488
11.44 34301
11.45 34856
11.46 34431
11.47 34559
11.48 34598
11.49 34746
11.50 34445
11.51 34749
11.52 34417
11.53 34897
11.54 34688
11.55 34743
11.56 34881
11.57 34528
11.58 34646
11.59 34616
11.60 34632
11.61 34672
11.62 34845
11.63 34682
11.64 34616
11.65 35203
11.66 35015
11.67 34721
11.68 34912
11.69 34712
11.70 35076
11.71 34853
11.72 34958
11.73 35153
11.74 35112
11.75 35218
11.76 35085
11.77 35047
11.78 35392
11.79 35177
11.80 35462
11.81 34873
11.82 34963
11.83 35071
11.84 34899
11.85 35153
11.86 35045
11.87 35394
11.88 34867
11.89 35440
11.90 35177
11.91 35160
11.92 35237
11.93 35565
11.94 35361
11.95 35167
11.96 35154
11.97 35369
11.98 35221
11.99 35394
12.00 35075
12.01 35272
12.02 35212
12.03 35067
12.04 35331
12.05 35614
12.06 35452
12.07 35490
12.08 35370
12.09 35395
12.10 35684
12.11 35539
12.12 35537
12.13 35823
12.14 35464
12.15 35592
12.16 35354
12.17 35483
12.18 35622
12.19 35403
12.20 35897
12.21 35981
12.22 35747
12.23 35543
12.24 35592
12.25 35430
12.26 35899
12.27 35326
12.28 35689
12.29 35800
12.30 35323
12.31 35434
12.32 35685
12.33 35541
12.34 35514
12.35 35795
12.36 36014
12.37 35824
12.38 35601
12.39 35634
12.40 35661
12.41 35719
12.42 35976
12.43 35616
12.44 35648
12.45 35832
12.46 35655
12.47 35683
12.48 35920
12.49 35889
12.50 35675
12.51 35958
12.52 35937
12.53 36036
12.54 35934
12.55 35853
12.56 35955
12.57 36082
12.58 36166
12.59 36209
12.60 35713
12.61 35950
12.62 36014
12.63 35978
12.64 36119
12.65 35936
12.66 35832
12.67 36060
12.68 35841
12.69 36299
12.70 36243
12.71 36216
12.72 35926
12.73 36346
12.74 36635
12.75 35792
12.76 36498
12.77 36242
12.78 36135
12.79 36016
12.80 36113
12.81 35977
12.82 36019
12.83 36446
12.84 36144
12.85 36101
12.86 36281
12.87 36149
12.88 36431
12.89 36163
12.90 36145
12.91 36236
12.92 36240
12.93 36082
12.94 36337
12.95 36087
12.96 36204
12.97 36195
12.98 35941
12.99 36026
13.00 36116
13.01 36287
13.02 36123
13.03 36465
13.04 36498
13.05 36007
13.06 35867
13.07 36382
13.08 36049
13.09 36136
13.10 36437
13.11 36199
13.12 36352
13.13 36461
13.14 36311
13.15 36293
13.16 36098
13.17 36657
13.18 36555
13.19 36345
13.20 36271
13.21 36277
13.22 36259
13.23 36200
13.24 36334
13.25 36403
13.26 36243
13.27 36214
13.28 36432
13.29 36176
13.30 36308
13.31 36516
13.32 36219
13.33 36365
13.34 36569
13.35 36025
13.36 36297
13.37 36051
13.38 36166
13.39 36508
13.40 36165
13.41 36362
13.42 36679
13.43 36381
13.44 36577
13.45 36202
13.46 36500
13.47 36385
13.48 36424
13.49 36364
13.50 36687
13.51 36286
13.52 36369
13.53 36002
13.54 36413
13.55 36380
13.56 36390
13.57 36244
13.58 36470
13.59 36361
13.60 36490
13.61 36322
13.62 36439
13.63 37047
13.64 36661
13.65 36161
13.66 36367
13.67 36553
13.68 36231
13.69 36406
13.70 36279
13.71 36375
13.72 36199
13.73 36410
13.74 36076
13.75 36473
13.76 36400
13.77 36411
13.78 36294
13.79 36472
13.80 36157
13.81 36353
13.82 36620
13.83 36368
13.84 36560
13.85 36096
13.86 36216
13.87 36307
13.88 36499
13.89 36189
13.90 36204
13.91 36390
13.92 36375
13.93 36136
13.94 36101
13.95 36375
13.96 36263
13.97 36222
13.98 36348
13.99 36283
14.00 36344
14.01 36333
14.02 36406
14.03 36526
14.04 36253
14.05 36315
14.06 36086
14.07 36292
14.08 36168
14.09 36542
14.10 35795
14.11 36161
14.12 36208
14.13 36561
14.14 36263
14.15 36558
14.16 36059
14.17 36074
14.18 36188
14.19 36198
14.20 36062
14.21 36127
14.22 35869
14.23 35931
14.24 36083
14.25 35869
14.26 36612
14.27 36264
14.28 36459
14.29 35895
14.30 35730
14.31 35997
14.32 36179
14.33 36135
14.34 35722
14.35 36328
14.36 36030
14.37 35879
14.38 36026
14.39 36267
14.40 35821
14.41 36159
14.42 36045
14.43 35837
14.44 35530
14.45 36062
14.46 36096
14.47 35718
14.48 36337
14.49 36221
14.50 35924
14.51 35874
14.52 36395
14.53 35888
14.54 35950
14.55 36154
14.56 35864
14.57 36288
14.58 35828
14.59 35909
14.60 35646
14.61 35926
14.62 35929
14.63 35886
14.64 35689
14.65 35970
14.66 35692
14.67 36088
14.68 35407
14.69 35896
14.70 35713
14.71 35376
14.72 36143
14.73 35902
14.74 35415
14.75 35381
14.76 35556
14.77 35410
14.78 35972
14.79 35725
14.80 35761
14.81 35569
14.82 35728
14.83 35905
14.84 35608
14.85 35496
14.86 35292
14.87 35334
14.88 35407
14.89 35714
14.90 35547
14.91 35636
14.92 35512
14.93 35441
14.94 35531
14.95 35143
14.96 35219
14.97 35115
14.98 35503
14.99 35483
15.00 35283
15.01 35397
15.02 35610
15.03 35204
15.04 35411
15.05 35212
15.06 35489
15.07 35013
15.08 35471
15.09 35349
15.10 35273
15.11 35488
15.12 35210
15.13 34847
15.14 35228
15.15 35179
15.16 35316
15.17 35321
15.18 35257
15.19 35358
15.20 35237
15.21 34759
15.22 34945
15.23 35395
15.24 35074
15.25 34946
15.26 34606
15.27 35080
15.28 34866
15.29 34966
15.30 34945
15.31 34853
15.32 34778
15.33 34898
15.34 34829
15.35 35060
15.36 35004
15.37 34862
15.38 34860
15.39 34681
15.40 34803
15.41 34755
15.42 34541
15.43 34680
15.44 34830
15.45 34876
15.46 34766
15.47 34487
15.48 34605
15.49 34808
15.50 34748
15.51 34377
15.52 34487
15.53 34442
15.54 34589
15.55 34734
15.56 34362
15.57 34519
15.58 34702
15.59 34346
15.60 34701
15.61 34351
15.62 34323
15.63 34315
15.64 34326
15.65 34365
15.66 34244
15.67 34528
15.68 34162
15.69 34371
15.70 34302
15.71 34187
15.72 34461
15.73 33743
15.74 34038
15.75 34304
15.76 33774
15.77 33855
15.78 33972
15.79 33912
15.80 33697
15.81 33727
15.82 33784
15.83 33929
15.84 34060
15.85 33364
15.86 34067
15.87 33855
15.88 34011
15.89 33572
15.90 33984
15.91 33894
15.92 33876
15.93 33485
15.94 33829
15.95 33597
15.96 33901
15.97 33151
15.98 33481
15.99 33556
16.00 33601
16.01 33609
16.02 33403
16.03 33501
16.04 33360
16.05 33493
16.06 33473
16.07 33610
16.08 33289
16.09 33405
16.10 33285
16.11 33149
16.12 33272
16.13 32945
16.14 33115
16.15 33295
16.16 33032
16.17 33326
16.18 33255
16.19 32879
16.20 33359
16.21 33054
16.22 33171
16.23 32899
16.24 32823
16.25 32934
16.26 32961
16.27 32731
16.28 32533
16.29 33009
16.30 33091
16.31 33072
16.32 33133
16.33 32851
16.34 32618
16.35 32759
16.36 32634
16.37 32479
16.38 32761
16.39 32294
16.40 32715
16.41 32617
16.42 32306
16.43 32458
16.44 32816
16.45 32394
16.46 32421
16.47 32230
16.48 32592
16.49 32635
16.50 32187
16.51 32252
16.52 32326
16.53 32156
16.54 32133
16.55 31999
16.56 32078
16.57 32315
16.58 31977
16.59 31651
16.60 32442
16.61 31858
16.62 32209
16.63 31956
16.64 32041
16.65 32058
16.66 32192
16.67 31641
16.68 31669
16.69 32074
16.70 31910
16.71 31598
16.72 31749
16.73 31646
16.74 31592
16.75 31661
16.76 32058
16.77 31454
16.78 31551
16.79 31229
16.80 31394
16.81 31455
16.82 31467
16.83 31221
16.84 31775
16.85 31223
16.86 31225
16.87 31205
16.88 31305
16.89 31042
16.90 31162
16.91 30952
16.92 30877
16.93 30975
16.94 31247
16.95 30983
16.96 31010
16.97 30944
16.98 30914
16.99 30719
17.00 30764
17.01 30546
17.02 30757
17.03 30810
17.04 30771
17.05 30683
17.06 30634
17.07 30970
17.08 30317
17.09 30334
17.10 30475
17.11 30698
17.12 30670
17.13 30416
17.14 30492
17.15 30380
17.16 30228
17.17 30139
17.18 29992
17.19 30081
17.20 30212
17.21 30028
17.22 30143
17.23 30095
17.24 30119
17.25 29907
17.26 29948
17.27 30008
17.28 29343
17.29 29926
17.30 29917
17.31 29992
17.32 29793
17.33 29832
17.34 29673
17.35 29483
17.36 29577
17.37 29575
17.38 29316
17.39 29467
17.40 29527
17.41 29259
17.42 29364
17.43 29316
17.44 29575
17.45 29553
17.46 29364
17.47 28710
17.48 29428
17.49 29072
17.50 29051
17.51 29341
17.52 29207
17.53 29374
17.54 28907
17.55 29109
17.56 28831
17.57 28904
17.58 28788
17.59 28852
17.60 28675
17.61 28768
17.62 28716
17.63 28927
17.64 28758
17.65 28763
17.66 28574
17.67 28631
17.68 28553
17.69 28651
17.70 28315
17.71 28426
17.72 28348
17.73 28358
17.74 28357
17.75 28184
17.76 28050
17.77 28137
17.78 27910
17.79 28099
17.80 27879
17.81 28266
17.82 27896
17.83 28118
17.84 27807
17.85 27777
17.86 27548
17.87 27985
17.88 27748
17.89 27600
17.90 27417
17.91 27367
17.92 27525
17.93 27940
17.94 27289
17.95 27427
17.96 27526
17.97 27436
17.98 27283
17.99 27315
18.00 27097
18.01 27079
18.02 26975
18.03 26892
18.04 27277
18.05 27190
18.06 27005
18.07 26782
18.08 27070
18.09 26894
18.10 26812
18.11 27106
18.12 27068
18.13 27183
18.14 26543
18.15 26627
18.16 26629
18.17 26781
18.18 26431
18.19 26332
18.20 26474
18.21 26353
18.22 26448
18.23 26338
18.24 26141
18.25 26504
18.26 26327
18.27 26377
18.28 25939
18.29 26220
18.30 26075
18.31 26063
18.32 26064
18.33 26029
18.34 25657
18.35 25937
18.36 25728
18.37 25672
18.38 25786
18.39 25645
18.40 25514
18.41 25640
18.42 25345
18.43 25372
18.44 25694
18.45 25711
18.46 25116
18.47 24998
18.48 25420
18.49 25114
18.50 24974
18.51 25103
18.52 25259
18.53 24880
18.54 25149
18.55 24868
18.56 25087
18.57 25072
18.58 25028
18.59 24969
18.60 24784
18.61 24802
18.62 24586
18.63 24405
18.64 24516
18.65 24543
18.66 24572
18.67 24469
18.68 24179
18.69 24273
18.70 24366
18.71 24094
18.72 24161
18.73 24228
18.74 24144
18.75 24058
18.76 24195
18.77 23788
18.78 24015
18.79 23710
18.80 23684
18.81 24139
18.82 23711
18.83 23620
18.84 23591
18.85 23501
18.86 23484
18.87 23608
18.88 23528
18.89 23265
18.90 23641
18.91 23718
18.92 23458
18.93 23114
18.94 23064
18.95 23241
18.96 23181
18.97 22885
18.98 22774
18.99 23088
19.00 22913
19.01 22798
19.02 22677
19.03 22944
19.04 22615
19.05 22380
19.06 22948
19.07 22556
19.08 22321
19.09 22475
19.10 22250
19.11 22498
19.12 22255
19.13 22007
19.14 22274
19.15 22386
19.16 22081
19.17 22471
19.18 22010
19.19 22148
19.20 22028
19.21 21791
19.22 21797
19.23 21800
19.24 21615
19.25 21664
19.26 21518
19.27 21646
19.28 21291
19.29 21431
19.30 21407
19.31 21589
19.32 21236
19.33 21246
19.34 21122
19.35 21075
19.36 20941
19.37 21529
19.38 21164
19.39 21227
19.40 20969
19.41 21077
19.42 20623
19.43 21060
19.44 20511
19.45 20707
19.46 20507
19.47 20513
19.48 20514
19.49 20601
19.50 20518
19.51 20719
19.52 20257
19.53 20200
19.54 20278
19.55 20321
19.56 20028
19.57 20022
19.58 19827
19.59 20080
19.60 19879
19.61 19881
19.62 19686
19.63 19651
19.64 19834
19.65 19738
19.66 19648
19.67 19300
19.68 19352
19.69 19340
19.70 19599
19.71 19339
19.72 19399
19.73 19092
19.74 19087
19.75 19031
19.76 18941
19.77 19125
19.78 18958
19.79 18769
19.80 18987
19.81 18843
19.82 18654
19.83 18636
19.84 18843
19.85 18741
19.86 18610
19.87 18462
19.88 18507
19.89 18352
19.90 18231
19.91 18245
19.92 18319
19.93 18103
19.94 18190
19.95 17862
19.96 18046
19.97 17861
19.98 17723
19.99 17849
20.00 17904
20.01 17847
20.02 17450
20.03 17737
20.04 17404
20.05 17419
20.06 17560
20.07 17571
20.08 17199
20.09 17107
20.10 17193
20.11 17217
20.12 17101
20.13 17202
20.14 17059
20.15 16951
20.16 16960
20.17 16969
20.18 16604
20.19 16594
20.20 16726
20.21 16644
20.22 16571
20.23 16495
20.24 16670
20.25 16427
20.26 16389
20.27 16207
20.28 16323
20.29 16487
20.30 16111
20.31 15873
20.32 16291
20.33 15809
20.34 15846
20.35 16138
20.36 16055
20.37 15791
20.38 15751
20.39 15525
20.40 15767
20.41 15452
20.42 15592
20.43 15422
20.44 15453
20.45 15262
20.46 15451
20.47 15181
20.48 15166
20.49 15104
20.50 15169
20.51 15071
20.52 15319
20.53 15031
20.54 14981
20.55 14896
20.56 14786
20.57 14760
20.58 14741
20.59 15020
20.60 14564
20.61 14710
20.62 14747
20.63 14631
20.64 14499
20.65 14421
20.66 14366
20.67 14172
20.68 14291
20.69 14041
20.70 14120
20.71 14212
20.72 14217
20.73 14065
20.74 13917
20.75 14048
20.76 14006
20.77 13769
20.78 13786
20.79 13821
20.80 13619
20.81 13480
20.82 13609
20.83 13485
20.84 13514
20.85 13455
20.86 13306
20.87 13480
20.88 13189
20.89 13271
20.90 13336
20.91 13184
20.92 13427
20.93 13060
20.94 13103
20.95 13116
20.96 13088
20.97 13108
20.98 12952
20.99 12997
21.00 12898
21.01 12899
21.02 12746
21.03 12584
21.04 12802
21.05 12809
21.06 12676
21.07 12641
21.08 12442
21.09 12322
21.10 12621
21.11 12434
21.12 12299
21.13 12189
21.14 12223
21.15 12305
21.16 12072
21.17 11958
21.18 12190
21.19 12004
21.20 11862
21.21 11887
21.22 11960
21.23 11918
21.24 11905
21.25 11775
21.26 11578
21.27 11510
21.28 11803
21.29 11636
21.30 11582
21.31 11412
21.32 11432
21.33 11440
21.34 11274
21.35 11535
21.36 11385
21.37 11341
21.38 11368
21.39 10914
21.40 11072
21.41 11116
21.42 11177
21.43 11077
21.44 11242
21.45 10868
21.46 10991
21.47 10804
21.48 11024
21.49 10856
21.50 10891
21.51 10807
21.52 10606
21.53 10492
21.54 10558
21.55 10428
21.56 10403
21.57 10452
21.58 10342
21.59 10385
21.60 10430
21.61 10336
21.62 10396
21.63 10206
21.64 10209
21.65 10414
21.66 10188
21.67 10092
21.68 10009
21.69 9921
21.70 10108
21.71 10085
21.72 10046
21.73 10024
21.74 9855
21.75 9774
21.76 9724
21.77 9759
21.78 9746
21.79 9778
21.80 9552
21.81 9710
21.82 9546
21.83 9622
21.84 9411
21.85 9517
21.86 9346
21.87 9431
21.88 9235
21.89 9429
21.90 9335
21.91 9417
21.92 9253
21.93 9250
21.94 9113
21.95 9119
21.96 9177
21.97 8996
21.98 8926
21.99 8910
22.00 9075
22.01 8956
22.02 8919
22.03 8907
22.04 8841
22.05 8739
22.06 8814
22.07 8813
22.08 8683
22.09 8478
22.10 8733
22.11 8679
22.12 8606
22.13 8586
22.14 8515
22.15 8631
22.16 8209
22.17 8376
22.18 8394
22.19 8453
22.20 8134
22.21 8424
22.22 8201
22.23 8275
22.24 8238
22.25 8156
22.26 7949
22.27 8150
22.28 8034
22.29 8072
22.30 8125
22.31 7714
22.32 7795
22.33 7833
22.34 7791
22.35 7829
22.36 7780
22.37 7671
22.38 7666
22.39 7786
22.40 7645
22.41 7615
22.42 7536
22.43 7605
22.44 7490
22.45 7503
22.46 7494
22.47 7542
22.48 7467
22.49 7408
22.50 7419
22.51 7345
22.52 7371
22.53 7244
22.54 7257
22.55 7295
22.56 7223
22.57 7083
22.58 7190
22.59 7201
22.60 7091
22.61 7183
22.62 7085
22.63 7143
22.64 6932
22.65 6985
22.66 6858
22.67 6870
22.68 6750
22.69 6865
22.70 6815
22.71 6722
22.72 6728
22.73 6850
22.74 6628
22.75 6753
22.76 6661
22.77 6666
22.78 6472
22.79 6432
22.80 6594
22.81 6427
22.82 6552
22.83 6365
22.84 6355
22.85 6313
22.86 6461
22.87 6265
22.88 6316
22.89 6176
22.90 6277
22.91 6192
22.92 6286
22.93 6229
22.94 6345
22.95 6237
22.96 5904
22.97 6112
22.98 6068
22.99 6001
23.00 5884
23.01 5991
23.02 5975
23.03 5837
23.04 5878
23.05 5864
23.06 5893
23.07 5859
23.08 5837
23.09 5595
23.10 5832
23.11 5636
23.12 5707
23.13 5636
23.14 5732
23.15 5591
23.16 5440
23.17 5427
23.18 5512
23.19 5528
23.20 5384
23.21 5563
23.22 5402
23.23 5335
23.24 5324
23.25 5432
23.26 5239
23.27 5458
23.28 5167
23.29 5327
23.30 5269
23.31 5385
23.32 5220
23.33 5102
23.34 5140
23.35 5063
23.36 5168
23.37 5072
23.38 5109
23.39 5092
23.40 4972
23.41 4988
23.42 5016
23.43 5049
23.44 4843
23.45 4918
23.46 4760
23.47 4863
23.48 4787
23.49 4710
23.50 4790
23.51 4812
23.52 4731
23.53 4665
23.54 4721
23.55 4558
23.56 4685
23.57 4573
23.58 4591
23.59 4449
23.60 4523
23.61 4509
23.62 4521
23.63 4546
23.64 4483
23.65 4499
23.66 4417
23.67 4363
23.68 4379
23.69 4448
23.70 4365
23.71 4236
23.72 4414
23.73 4292
23.74 4272
23.75 4347
23.76 4205
23.77 4218
23.78 4075
23.79 4177
23.80 4141
23.81 4117
23.82 4066
23.83 4146
23.84 3990
23.85 4093
23.86 3916
23.87 4031
23.88 3874
23.89 4015
23.90 3952
23.91 4020
23.92 3939
23.93 3917
23.94 3873
23.95 3905
23.96 3848
23.97 3888
23.98 3789
23.99 3807
24.00 3830
24.01 3738
24.02 3793
24.03 3772
24.04 3751
24.05 3611
24.06 3666
24.07 3613
24.08 3571
24.09 3653
24.10 3608
24.11 3543
24.12 3517
24.13 3584
24.14 3514
24.15 3534
24.16 3415
24.17 3393
24.18 3454
24.19 3413
24.20 3465
24.21 3360
24.22 3453
24.23 3287
24.24 3209
24.25 3279
24.26 3219
24.27 3255
24.28 3238
24.29 3231
24.30 3221
24.31 3194
24.32 3209
24.33 3111
24.34 3128
24.35 3185
24.36 3071
24.37 2984
24.38 3036
24.39 3096
24.40 3179
24.41 2973
24.42 3069
24.43 2942
24.44 2874
24.45 3007
24.46 2991
24.47 2896
24.48 2991
24.49 2886
24.50 2893
24.51 2839
24.52 2864
24.53 2825
24.54 2795
24.55 2842
24.56 2853
24.57 2770
24.58 2770
24.59 2781
24.60 2659
24.61 2764
24.62 2683
24.63 2652
24.64 2648
24.65 2615
24.66 2619
24.67 2602
24.68 2625
24.69 2679
24.70 2497
24.71 2549
24.72 2536
24.73 2616
24.74 2446
24.75 2496
24.76 2543
24.77 2466
24.78 2502
24.79 2469
24.80 2486
24.81 2452
24.82 2381
24.83 2478
24.84 2431
24.85 2358
24.86 2306
24.87 2406
24.88 2410
24.89 2342
24.90 2359
24.91 2300
24.92 2265
24.93 2231
24.94 2247
24.95 2171
24.96 2220
24.97 2293
24.98 2192
24.99 2245
25.00 2184
25.01 2134
25.02 2218
25.03 2151
25.04 2152
25.05 2150
25.06 2107
25.07 2005
25.08 2111
25.09 2078
25.10 1999
25.11 2084
25.12 2021
25.13 2075
25.14 2055
25.15 1990
25.16 1914
25.17 1957
25.18 1873
25.19 1915
25.20 2027
25.21 1939
25.22 1852
25.23 1958
25.24 1887
25.25 1810
25.26 1844
25.27 1876
25.28 1815
25.29 1842
25.30 1822
25.31 1808
25.32 1855
25.33 1875
25.34 1819
25.35 1794
25.36 1653
25.37 1797
25.38 1726
25.39 1755
25.40 1748
25.41 1675
25.42 1763
25.43 1726
25.44 1704
25.45 1671
25.46 1732
25.47 1584
25.48 1596
25.49 1607
25.50 1618
25.51 1690
25.52 1524
25.53 1595
25.54 1567
25.55 1589
25.56 1635
25.57 1552
25.58 1563
25.59 1571
25.60 1473
25.61 1475
25.62 1561
25.63 1459
25.64 1529
25.65 1414
25.66 1538
25.67 1438
25.68 1426
25.69 1455
25.70 1388
25.71 1382
25.72 1407
25.73 1378
25.74 1330
25.75 1396
25.76 1375
25.77 1396
25.78 1231
25.79 1308
25.80 1310
25.81 1268
25.82 1315
25.83 1338
25.84 1304
25.85 1251
25.86 1266
25.87 1234
25.88 1275
25.89 1263
25.90 1257
25.91 1218
25.92 1245
25.93 1195
25.94 1212
25.95 1190
25.96 1173
25.97 1141
25.98 1114
25.99 1167
26.00 1126
26.01 1125
26.02 1141
26.03 1155
26.04 1093
26.05 1046
26.06 1131
26.07 1099
26.08 1086
26.09 1108
26.10 1067
26.11 1015
26.12 986
26.13 1081
26.14 1051
26.15 996
26.16 1058
26.17 1101
26.18 967
26.19 991
26.20 986
26.21 994
26.22 995
26.23 982
26.24 956
26.25 986
26.26 994
26.27 973
26.28 923
26.29 905
26.30 915
26.31 962
26.32 967
26.33 901
26.34 883
26.35 849
26.36 824
26.37 933
26.38 908
26.39 850
26.40 859
26.41 844
26.42 855
26.43 861
26.44 844
26.45 870
26.46 862
26.47 852
26.48 834
26.49 832
26.50 861
26.51 842
26.52 818
26.53 845
26.54 777
26.55 775
26.56 792
26.57 798
26.58 745
26.59 733
26.60 724
26.61 741
26.62 780
26.63 756
26.64 766
26.65 754
26.66 755
26.67 733
26.68 714
26.69 722
26.70 665
26.71 690
26.72 735
26.73 728
26.74 697
26.75 675
26.76 657
26.77 657
26.78 672
26.79 693
26.80 626
26.81 659
26.82 628
26.83 681
26.84 605
26.85 613
26.86 620
26.87 619
26.88 639
26.89 597
26.90 651
26.91 541
26.92 568
26.93 571
26.94 554
26.95 582
26.96 603
26.97 556
26.98 586
26.99 583
27.00 539
27.01 546
27.02 526
27.03 525
27.04 516
27.05 522
27.06 546
27.07 521
27.08 520
27.09 509
27.10 513
27.11 529
27.12 477
27.13 497
27.14 497
27.15 495
27.16 495
27.17 492
27.18 498
27.19 483
27.20 474
27.21 486
27.22 451
27.23 449
27.24 480
27.25 437
27.26 447
27.27 419
27.28 459
27.29 441
27.30 462
27.31 435
27.32 405
27.33 430
27.34 406
27.35 388
27.36 415
27.37 376
27.38 393
27.39 412
27.40 383
27.41 393
27.42 416
27.43 388
27.44 387
27.45 402
27.46 365
27.47 359
27.48 366
27.49 379
27.50 355
27.51 350
27.52 387
27.53 361
27.54 407
27.55 343
27.56 366
27.57 341
27.58 374
27.59 318
27.60 327
27.61 329
27.62 318
27.63 303
27.64 335
27.65 296
27.66 313
27.67 336
27.68 315
27.69 297
27.70 308
27.71 302
27.72 311
27.73 321
27.74 296
27.75 326
27.76 308
27.77 297
27.78 276
27.79 337
27.80 291
27.81 274
27.82 280
27.83 296
27.84 290
27.85 300
27.86 274
27.87 276
27.88 254
27.89 263
27.90 265
27.91 234
27.92 265
27.93 254
27.94 228
27.95 256
27.96 257
27.97 208
27.98 253
27.99 238
28.00 272
28.01 255
28.02 221
28.03 246
28.04 240
28.05 220
28.06 245
28.07 245
28.08 250
28.09 228
28.10 220
28.11 207
28.12 209
28.13 218
28.14 221
28.15 215
28.16 224
28.17 208
28.18 205
28.19 232
28.20 195
28.21 206
28.22 210
28.23 231
28.24 187
28.25 202
28.26 209
28.27 197
28.28 167
28.29 182
28.30 184
28.31 182
28.32 183
28.33 190
28.34 200
28.35 182
28.36 184
28.37 165
28.38 175
28.39 180
28.40 169
28.41 186
28.42 157
28.43 170
28.44 174
28.45 134
28.46 167
28.47 184
28.48 152
28.49 170
28.50 170
28.51 140
28.52 146
28.53 149
28.54 148
28.55 162
28.56 154
28.57 162
28.58 138
28.59 130
28.60 146
28.61 137
28.62 135
28.63 154
28.64 128
28.65 121
28.66 147
28.67 156
28.68 152
28.69 142
28.70 136
28.71 124
28.72 147
28.73 131
28.74 137
28.75 136
28.76 126
28.77 114
28.78 107
28.79 103
28.80 120
28.81 123
28.82 126
28.83 109
28.84 119
28.85 107
28.86 102
28.87 115
28.88 116
28.89 124
28.90 111
28.91 109
28.92 104
28.93 103
28.94 120
28.95 109
28.96 107
28.97 109
28.98 83
28.99 105
29.00 110
29.01 86
29.02 97
29.03 97
29.04 79
29.05 98
29.06 106
29.07 88
29.08 106
29.09 98
29.10 100
29.11 99
29.12 84
29.13 99
29.14 79
29.15 83
29.16 98
29.17 89
29.18 79
29.19 65
29.20 70
29.21 88
29.22 78
29.23 84
29.24 67
29.25 69
29.26 78
29.27 84
29.28 71
29.29 64
29.30 105
29.31 75
29.32 84
29.33 71
29.34 93
29.35 69
29.36 69
29.37 61
29.38 67
29.39 58
29.40 63
29.41 61
29.42 81
29.43 59
29.44 58
29.45 77
29.46 65
29.47 66
29.48 67
29.49 75
29.50 60
29.51 59
29.52 52
29.53 57
29.54 42
29.55 61
29.56 61
29.57 52
29.58 57
29.59 56
29.60 63
29.61 48
29.62 60
29.63 57
29.64 45
29.65 55
29.66 39
29.67 50
29.68 42
29.69 45
29.70 47
29.71 48
29.72 42
29.73 51
29.74 43
29.75 45
29.76 47
29.77 36
29.78 42
29.79 39
29.80 45
29.81 29
29.82 58
29.83 39
29.84 46
29.85 39
29.86 51
29.87 36
29.88 45
29.89 37
29.90 39
29.91 43
29.92 42
29.93 38
29.94 36
29.95 38
29.96 30
29.97 51
29.98 24
29.99 45
30.00 24
30.01 40
30.02 32
30.03 39
30.04 29
30.05 25
30.06 28
30.07 31
30.08 35
30.09 28
30.10 30
30.11 22
30.12 43
30.13 27
30.14 27
30.15 25
30.16 26
30.17 29
30.18 24
30.19 32
30.20 34
30.21 26
30.22 26
30.23 33
30.24 33
30.25 23
30.26 28
30.27 28
30.28 28
30.29 23
30.30 22
30.31 29
30.32 19
30.33 19
30.34 24
30.35 23
30.36 17
30.37 17
30.38 22
30.39 22
30.40 25
30.41 26
30.42 11
30.43 16
30.44 26
30.45 18
30.46 20
30.47 22
30.48 24
30.49 27
30.50 25
30.51 13
30.52 12
30.53 11
30.54 22
30.55 17
30.56 19
30.57 15
30.58 13
30.59 12
30.60 20
30.61 15
30.62 10
30.63 16
30.64 13
30.65 16
30.66 10
30.67 14
30.68 14
30.69 15
30.70 13
30.71 14
30.72 12
30.73 11
30.74 16
30.75 12
30.76 12
30.77 5
30.78 17
30.79 14
30.80 8
30.81 12
30.82 16
30.83 12
30.84 13
30.85 16
30.86 12
30.87 12
30.88 15
30.89 6
30.90 11
30.91 13
30.92 12
30.93 12
30.94 13
30.95 10
30.96 8
30.97 10
30.98 8
30.99 12
31.00 7
31.01 9
31.02 6
31.03 9
31.04 14
31.05 11
31.06 7
31.07 9
31.08 13
31.09 7
31.10 10
31.11 10
31.12 10
31.13 5
31.14 8
31.15 4
31.16 8
31.17 7
31.18 12
31.19 7
31.20 6
31.21 5
31.22 9
31.23 8
31.24 6
31.25 8
31.26 3
31.27 5
31.28 10
31.29 9
31.30 5
31.31 8
31.32 4
31.33 7
31.34 5
31.35 4
31.36 4
31.37 7
31.38 2
31.39 9
31.40 2
31.41 7
31.42 8
31.43 6
31.44 4
31.45 1
31.46 4
31.47 5
31.48 5
31.49 3
31.50 3
31.51 3
31.52 2
31.53 5
31.54 4
31.55 5
31.56 0
31.57 3
31.58 4
31.59 2
31.60 2
31.61 5
31.62 2
31.63 3
31.64 4
31.65 1
31.66 3
31.67 7
31.68 5
31.69 6
31.70 11
31.71 4
31.72 5
31.73 3
31.74 4
31.75 3
31.76 2
31.77 6
31.78 3
31.79 1
31.80 1
31.81 1
31.82 3
31.83 2
31.84 2
31.85 2
31.86 2
31.87 0
31.88 1
31.89 1
31.90 1
31.91 3
31.92 2
31.93 1
31.94 0
31.95 1
31.96 3
31.97 0
31.98 1
31.99 3
32.00 1
32.01 0
32.02 2
32.03 3
32.04 2
32.05 1
32.06 1
32.07 2
32.08 3
32.09 0
32.10 3
32.11 2
32.12 0
32.13 0
32.14 2
32.15 3
32.16 1
32.17 0
32.18 2
32.19 2
32.20 1
32.21 2
32.22 1
32.23 2
32.24 0
32.25 1
32.26 1
32.27 2
32.28 0
32.29 0
32.30 1
32.31 0
32.32 0
32.33 0
32.34 1
32.35 0
32.36 0
32.37 0
32.38 0
32.39 2
32.40 2
32.41 0
32.42 0
32.43 0
32.44 1
32.45 0
32.46 0
32.47 0
32.48 2
32.49 0
32.50 1
32.51 1
32.52 0
32.53 0
32.54 0
32.55 2
32.56 3
32.57 0
32.58 1
32.59 0
32.60 1
32.61 1
32.62 0
32.63 1
32.64 0
32.65 2
32.66 0
32.67 0
32.68 1
32.69 0
32.70 0
32.71 1
32.72 0
32.73 0
32.74 0
32.75 2
32.76 0
32.77 0
32.78 0
32.79 0
32.80 1
32.81 0
32.82 0
32.83 0
32.84 0
32.85 0
32.86 1
32.87 1
32.88 0
32.89 0
32.90 1
32.91 0
32.92 0
32.93 1
32.94 0
32.95 0
32.96 1
32.97 3
32.98 0
32.99 0
33.00 0
33.01 0
33.02 0
33.03 0
33.04 0
33.05 0
33.06 1
33.07 0
33.08 0
33.09 0
33.10 0
33.11 0
33.12 0
33.13 0
33.14 0
33.15 0
33.16 0
33.17 0
33.18 0
33.19 0
33.20 0
33.21 0
33.22 0
33.23 0
33.24 0
33.25 0
33.26 0
33.27 0
33.28 0
33.29 0
33.30 0
33.31 0
33.32 0
33.33 0
33.34 1
33.35 0
33.36 0
33.37 0
33.38 0
33.39 0
33.40 0
33.41 0
33.42 0
33.43 0
33.44 0
33.45 0
33.46 0
33.47 0
33.48 0
33.49 0
33.50 0
33.51 0
33.52 0
33.53 0
33.54 0
33.55 0
33.56 0
33.57 0
33.58 0
33.59 0
33.60 0
33.61 0
33.62 0
33.63 0
33.64 0
33.65 0
33.66 0
33.67 0
33.68 0
33.69 0
33.70 0
33.71 0
33.72 0
33.73 0
33.74 0
33.75 0
33.76 0
33.77 0
33.78 0
33.79 0
33.80 0
33.81 0
33.82 0
33.83 0
33.84 0
33.85 0
33.86 0
33.87 0
33.88 0
33.89 0
33.90 0
33.91 0
33.92 0
33.93 0
33.94 0
33.95 0
33.96 0
33.97 0
33.98 0
33.99 0
34.00 0
34.01 0
34.02 0
34.03 0
34.04 0
34.05 0
34.06 0
34.07 0
34.08 0
34.09 0
34.10 0
34.11 0
34.12 0
34.13 0
34.14 0
34.15 0
34.16 0
34.17 0
34.18 0
34.19 0
34.20 0
34.21 0
34.22 0
34.23 0
34.24 0
34.25 0
34.26 0
34.27 0
34.28 0
34.29 0
34.30 0
34.31 0
34.32 0
34.33 0
34.34 0
34.35 0
34.36 0
34.37 0
34.38 0
34.39 0
34.40 0
34.41 0
34.42 0
34.43 0
34.44 0
34.45 0
34.46 0
34.47 0
34.48 0
34.49 0
34.50 0
34.51 0
34.52 0
34.53 0
34.54 0
34.55 0
34.56 0
34.57 0
34.58 0
34.59 0
34.60 0
34.61 0
34.62 0
34.63 0
34.64 0
Counted distances: 49995000
